cost: 6344
33,1
9,2
18,1
95,3
90,1
65,3
78,2
51,2
57,1
19,1
67,2
88,3
92,3
13,0
16,1
8,3
83,3
76,3
3,2
17,2
25,3
80,0
54,3
44,2
114,1
40,3
56,1
32,3
96,0
118,3
159,3
74,1
147,1
4,3
31,3
28,1
39,2
149,3
36,3
99,3
6,1
41,3
126,3
23,3
30,3
61,3
94,3
100,3
12,3
27,3
49,1
10,2
14,2
89,3
154,2
43,2
7,1
72,2
84,1
87,3
37,3
69,2
155,1
21,3
63,3
86,1
129,1
64,3
71,1
175,3
34,2
79,3
66,3
173,3
172,3
35,3
97,3
176,1
146,3
158,3
42,3
93,2
82,3
59,3
1,3
52,1
53,1
26,3
127,3
91,2
178,3
121,3
73,3
68,3
206,0
2,3
22,1
11,3
70,2
133,1
103,3
161,1
167,1
50,2
168,3
45,3
48,2
60,3
145,2
85,2
107,1
123,1
122,3
47,0
125,2
190,1
191,1
46,3
75,1
102,1
109,1
128,1
58,3
15,3
138,2
162,1
150,2
20,1
77,2
166,0
81,2
208,0
38,3
98,2
156,3
29,3
55,2
24,3
194,1
5,3
62,1
119,3
182,2
124,1
135,2
165,2
170,0
179,3
180,3
204,1
139,3
169,3
210,3
185,3
106,2
241,1
321,1
326,1
177,3
137,3
401,2
153,3
184,3
215,3
293,3
171,3
246,1
301,1
142,1
193,1
195,1
212,1
163,3
283,1
294,3
346,3
207,3
200,3
258,1
224,3
264,3
393,1
394,3
181,3
353,3
160,1
113,3
262,3
130,0
198,2
302,1
164,3
327,1
375,2
117,3
276,1
376,1
111,1
197,1
303,1
233,3
270,3
345,3
151,3
174,0
213,2
316,2
378,0
383,1
108,3
141,3
267,1
281,1
116,3
134,3
148,1
199,3
205,3
305,1
285,3
319,1
317,3
381,1
131,2
214,2
187,3
232,3
237,1
407,3
143,2
365,0
105,0
220,0
112,3
140,0
335,3
144,0
203,1
400,1
247,3
115,3
230,3
268,3
388,1
120,3
343,2
291,2
344,2
396,2
282,3
183,2
373,3
371,3
104,3
349,3
377,3
325,2
395,3
157,1
110,3
386,1
152,2
244,2
254,3
314,1
337,3
362,3
132,3
101,2
136,1
877,3
260,3
201,3
211,2
361,1
271,2
628,3
188,3
189,2
398,1
538,1
340,3
186,3
292,2
731,1
209,3
192,2
235,2
404,2
642,3
866,1
315,3
370,3
202,2
313,1
380,1
196,3
278,3
286,3
320,1
410,1
225,3
329,3
402,3
612,1
227,3
280,3
336,3
289,3
332,1
573,1
578,1
855,3
290,3
257,3
261,1
887,3
229,0
339,1
462,3
631,3
269,0
515,2
738,1
226,3
309,3
338,1
442,3
812,3
853,1
300,3
409,3
474,3
354,2
422,3
651,2
761,0
248,3
324,2
545,0
769,0
243,3
295,1
881,0
223,3
592,3
252,2
236,3
342,2
593,3
713,2
217,0
253,1
525,1
607,1
297,3
736,3
364,3
408,2
871,2
218,3
341,3
351,3
288,3
389,3
498,3
256,3
273,0
857,1
265,3
368,1
221,3
360,3
513,2
272,1
488,1
716,1
469,3
760,3
239,3
242,3
682,1
696,3
228,2
330,3
611,2
900,1
310,3
397,3
384,2
245,3
296,3
390,3
333,3
366,0
251,3
277,3
574,3
755,1
318,1
287,3
730,2
356,3
662,3
804,2
238,2
406,0
323,1
372,2
405,3
584,0
266,3
279,0
475,2
219,2
222,3
347,2
387,1
570,3
382,2
357,3
845,3
403,3
263,3
350,0
391,3
497,3
231,2
308,2
367,2
250,1
259,1
392,1
746,1
781,1
426,3
575,1
657,1
284,3
374,3
427,1
437,1
334,3
358,3
649,3
274,2
359,3
249,1
275,1
348,1
306,3
706,1
672,2
752,2
304,3
355,3
385,3
331,3
718,0
506,3
811,0
379,1
216,3
307,3
322,3
240,1
352,1
581,1
589,1
750,1
234,3
491,3
860,1
299,2
312,2
399,2
419,1
557,1
328,3
856,3
369,2
255,3
298,1
363,2
880,2
311,3
652,2
543,3
726,2
533,2
778,3
668,3
548,3
670,3
678,1
472,1
829,1
411,1
554,2
663,1
840,0
789,0
846,1
874,1
801,3
824,1
418,2
562,2
888,3
658,3
797,1
825,1
906,2
492,0
534,2
747,3
510,1
461,3
905,3
679,1
483,1
517,1
490,3
708,1
479,2
481,2
582,0
735,0
535,1
802,1
907,3
686,1
647,1
724,1
561,3
449,0
467,1
690,3
889,1
596,1
599,1
890,1
660,1
712,3
792,1
819,3
440,1
699,3
473,1
745,1
643,3
684,1
791,1
893,1
613,1
831,1
523,3
448,2
514,2
572,1
798,2
618,2
432,3
722,3
851,0
715,2
879,0
852,3
495,2
502,0
700,1
754,1
901,1
424,2
847,2
566,3
666,2
470,1
501,1
823,1
522,1
600,1
413,2
464,2
542,1
782,2
805,0
553,3
650,2
822,1
872,1
809,3
777,2
503,3
895,1
601,3
606,0
744,3
873,2
830,3
520,3
512,3
839,3
808,2
695,0
899,1
815,3
859,3
567,1
489,1
834,3
559,2
453,2
770,2
910,1
476,2
727,3
904,3
555,2
507,1
665,1
742,3
446,1
836,2
818,1
544,1
609,1
415,3
795,1
776,1
441,1
508,3
587,1
619,1
719,3
588,3
455,2
702,2
757,1
527,3
429,1
615,1
659,1
854,1
630,1
875,1
595,3
816,1
891,1
764,1
827,2
832,3
673,2
552,1
842,3
813,3
624,2
861,1
753,3
870,2
568,0
635,1
637,3
756,1
500,0
505,2
704,3
524,1
909,1
529,2
763,0
774,3
478,1
703,1
416,1
605,1
444,1
540,2
790,2
627,0
751,1
785,3
876,0
837,1
676,3
787,1
721,3
709,3
733,2
459,2
707,1
541,1
465,1
445,0
810,3
779,1
530,2
547,1
645,3
765,3
420,1
433,2
484,2
838,3
771,3
885,1
414,1
884,2
689,3
451,1
436,0
680,3
585,1
784,1
456,1
775,1
669,3
800,3
564,0
654,3
807,1
732,3
793,1
867,3
616,0
799,1
423,2
625,3
518,3
691,1
549,1
421,3
710,1
447,2
528,3
438,1
868,1
486,3
550,0
850,3
516,1
835,1
485,2
639,1
452,3
463,1
577,3
633,1
493,1
828,2
740,2
443,1
748,2
519,1
701,3
428,3
563,1
714,1
681,3
892,3
683,2
499,2
806,3
460,2
786,2
667,1
717,1
565,3
610,3
457,1
638,1
865,1
705,2
480,1
741,1
551,2
511,2
450,1
693,2
725,1
622,1
629,1
803,1
773,1
902,2
634,1
623,0
477,1
571,1
826,2
864,3
661,1
531,1
772,1
739,1
583,2
646,0
734,0
579,3
594,3
412,1
648,3
677,1
644,3
862,1
768,2
431,2
636,0
466,2
458,1
692,1
697,3
539,3
898,1
425,3
720,1
671,2
908,2
903,3
496,3
608,3
821,1
482,3
641,2
675,1
728,1
487,3
796,1
521,3
591,2
849,1
848,3
878,3
655,1
435,0
820,1
883,1
602,1
694,1
558,0
869,1
896,1
743,3
569,0
729,1
766,2
603,0
767,0
783,2
504,1
664,3
626,3
817,3
894,1
454,3
858,3
685,2
617,2
620,1
788,1
536,0
434,1
468,0
580,2
674,0
614,0
653,3
758,3
560,1
711,1
814,1
841,1
688,1
749,1
430,3
494,3
737,1
886,2
532,3
556,1
640,1
759,1
526,1
586,1
590,1
439,3
509,3
723,2
843,3
897,2
417,3
621,3
794,0
833,3
844,2
863,3
537,1
546,1
632,3
597,2
882,3
576,1
656,3
698,1
598,3
687,1
780,3
471,2
762,0
604,1