cost: 6351
33,1
9,2
18,1
95,3
90,1
65,2
78,3
51,3
57,2
19,2
67,3
88,2
92,1
13,3
16,3
8,3
83,2
76,2
3,3
17,0
25,2
80,1
54,3
44,3
114,1
40,2
56,3
32,1
96,0
118,3
159,3
74,1
147,1
4,3
31,3
28,1
39,3
149,2
36,3
99,3
6,1
41,3
126,2
23,3
30,3
61,2
94,3
100,3
12,2
27,2
49,1
10,2
14,2
89,3
154,3
43,2
7,1
72,2
84,1
87,3
37,3
69,2
155,2
21,3
63,3
86,1
129,1
64,3
71,1
175,3
34,2
79,3
66,3
173,3
172,3
35,3
97,3
176,1
146,3
158,3
42,3
93,2
82,3
59,3
1,3
52,1
53,1
26,3
127,3
91,2
178,3
121,3
73,0
68,3
206,2
2,3
22,3
11,3
70,1
133,1
103,3
161,1
167,1
50,3
168,2
45,3
48,2
60,3
145,0
85,2
107,2
123,2
122,3
47,3
125,1
190,1
191,1
46,3
75,1
102,1
109,1
128,1
58,3
15,3
138,3
162,1
150,0
20,1
77,3
166,2
81,3
208,1
38,0
98,3
156,1
29,3
55,3
24,0
194,3
5,3
62,2
119,3
182,3
124,0
135,1
165,4
170,2
179,1
180,1
204,2
139,0
169,3
210,3
185,3
106,3
241,1
321,1
326,1
177,3
137,1
401,1
153,3
184,3
215,2
293,3
171,3
246,2
301,1
142,3
193,1
195,1
212,1
163,3
283,1
294,3
346,3
207,3
200,3
258,1
224,3
264,1
393,1
394,3
181,3
353,3
160,1
113,3
262,2
130,2
198,0
302,3
164,3
327,2
375,0
117,3
276,0
376,1
111,1
197,1
303,1
233,1
270,3
345,2
151,3
174,2
213,0
316,2
378,1
383,0
108,3
141,0
267,1
281,2
116,3
134,2
148,1
199,3
205,3
305,3
285,3
319,1
317,3
381,1
131,2
214,3
187,3
232,3
237,3
407,3
143,2
365,2
105,3
220,1
112,3
140,3
335,1
144,1
203,1
400,1
247,1
115,3
230,3
268,1
388,1
120,3
343,3
291,2
344,1
396,1
282,1
183,0
373,3
371,3
104,2
349,1
377,0
325,0
395,1
157,2
110,1
386,1
152,3
244,2
254,1
314,3
337,3
362,0
132,2
101,3
136,1
877,3
260,2
201,3
211,3
361,1
271,2
628,2
188,3
189,3
398,1
538,1
340,3
186,3
292,2
731,2
209,3
192,2
235,2
404,2
642,3
866,1
315,3
370,1
202,2
313,2
380,3
196,3
278,1
286,3
320,1
410,1
225,3
329,3
402,3
612,1
227,3
280,3
336,3
289,3
332,1
573,1
578,1
855,3
290,3
257,2
261,0
887,0
229,3
339,2
462,3
631,0
269,3
515,0
738,2
226,3
309,3
338,3
442,3
812,3
853,3
300,3
409,3
474,3
354,3
422,3
651,1
761,2
248,3
324,2
545,3
769,0
243,3
295,0
881,1
223,3
592,1
252,3
236,2
342,2
593,3
713,3
217,3
253,1
525,0
607,0
297,3
736,3
364,3
408,2
871,2
218,3
341,2
351,3
288,3
389,3
498,2
256,1
273,1
857,1
265,3
368,3
221,2
360,3
513,3
272,2
488,1
716,3
469,0
760,1
239,3
242,3
682,1
696,3
228,3
330,3
611,1
900,1
310,3
397,3
384,3
245,3
296,2
390,3
333,3
366,0
251,3
277,2
574,3
755,1
318,1
287,3
730,2
356,3
662,3
804,3
238,2
406,3
323,1
372,1
405,3
584,0
266,2
279,1
475,3
219,2
222,0
347,1
387,1
570,2
382,2
357,3
845,1
403,3
263,2
350,1
391,0
497,0
231,2
308,2
367,1
250,3
259,1
392,1
746,1
781,1
426,3
575,1
657,1
284,2
374,3
427,1
437,1
334,3
358,3
649,1
274,2
359,3
249,1
275,2
348,1
306,3
706,3
672,2
752,2
304,0
355,3
385,2
331,1
718,1
506,3
811,1
379,3
216,3
307,3
322,0
240,3
352,1
581,1
589,1
750,1
234,3
491,3
860,1
299,2
312,3
399,2
419,3
557,1
328,1
856,3
369,3
255,3
298,0
363,1
880,3
311,3
652,2
543,1
726,3
533,3
778,3
668,3
548,1
670,3
678,3
472,1
829,0
411,1
554,0
663,3
840,2
789,3
846,1
874,1
801,3
824,1
418,2
562,2
888,3
658,3
797,1
825,1
906,2
492,0
534,2
747,2
510,3
461,0
905,0
679,3
483,1
517,1
490,1
708,1
479,1
481,2
582,3
735,0
535,2
802,0
907,0
686,1
647,1
724,1
561,2
449,1
467,1
690,3
889,1
596,1
599,1
890,1
660,1
712,3
792,2
819,3
440,1
699,3
473,1
745,1
643,3
684,1
791,1
893,1
613,1
831,1
523,3
448,3
514,1
572,2
798,2
618,2
432,2
722,3
851,3
715,1
879,1
852,3
495,2
502,0
700,1
754,1
901,1
424,2
847,2
566,3
666,2
470,1
501,1
823,1
522,1
600,1
413,2
464,1
542,1
782,2
805,1
553,3
650,2
822,1
872,1
809,3
777,1
503,2
895,3
601,3
606,2
744,3
873,1
830,3
520,3
512,2
839,3
808,3
695,1
899,1
815,3
859,1
567,0
489,1
834,1
559,1
453,2
770,0
910,0
476,2
727,1
904,3
555,0
507,1
665,1
742,3
446,0
836,2
818,1
544,3
609,1
415,1
795,1
776,3
441,1
508,3
587,3
619,1
719,1
588,3
455,2
702,0
757,0
527,2
429,0
615,1
659,1
854,1
630,1
875,1
595,3
816,3
891,1
764,1
827,2
832,3
673,2
552,1
842,3
813,1
624,2
861,1
753,2
870,0
568,3
635,3
637,1
756,1
500,2
505,2
704,3
524,2
909,3
529,3
763,2
774,1
478,1
703,1
416,1
605,1
444,1
540,2
790,2
627,0
751,1
785,3
876,0
837,1
676,3
787,1
721,3
709,3
733,2
459,2
707,1
541,1
465,1
445,0
810,3
779,1
530,2
547,1
645,3
765,3
420,1
433,2
484,2
838,2
771,2
885,1
414,1
884,3
689,1
451,2
436,2
680,1
585,3
784,2
456,1
775,1
669,3
800,1
564,2
654,1
807,1
732,1
793,2
867,1
616,1
799,1
423,3
625,3
518,1
691,3
549,1
421,3
710,3
447,1
528,3
438,0
868,1
486,3
550,0
850,1
516,1
835,2
485,2
639,1
452,3
463,1
577,3
633,1
493,1
828,2
740,3
443,2
748,1
519,2
701,2
428,1
563,1
714,1
681,2
892,3
683,2
499,1
806,2
460,2
786,1
667,3
717,1
565,3
610,3
457,1
638,0
865,1
705,1
480,1
741,1
551,2
511,0
450,1
693,2
725,1
622,1
629,1
803,1
773,1
902,2
634,1
623,0
477,1
571,1
826,2
864,3
661,1
531,1
772,1
739,1
583,2
646,0
734,0
579,3
594,3
412,1
648,3
677,1
644,3
862,1
768,3
431,0
636,0
466,1
458,1
692,1
697,3
539,2
898,1
425,3
720,1
671,1
908,2
903,3
496,3
608,3
821,1
482,3
641,3
675,2
728,1
487,1
796,1
521,3
591,2
849,3
848,0
878,3
655,2
435,1
820,2
883,1
602,1
694,1
558,2
869,0
896,1
743,1
569,3
729,1
766,3
603,2
767,1
783,3
504,1
664,1
626,2
817,3
894,2
454,2
858,1
685,2
617,3
620,1
788,3
536,3
434,1
468,2
580,1
674,2
614,2
653,1
758,1
560,2
711,2
814,3
841,1
688,1
749,1
430,3
494,1
737,1
886,3
532,0
556,3
640,1
759,1
526,1
586,1
590,1
439,3
509,3
723,2
843,3
897,3
417,2
621,3
794,3
833,2
844,3
863,1
537,3
546,2
632,1
597,2
882,1
576,3
656,0
698,2
598,1
687,1
780,3
471,2
762,1
604,1