Cost: 21902
94
124
95
103
103
84
102
99
63
82
84
79
70
107
5
138
34
16
25
96
11
105
103
81
14
89
71
100
106
92
35
96
107
71
69
20
40
98
26
95
88
93
92
61
65
27
21
94
8
86
84
60
38
101
59
62
40
93
17
31
128
100
92
38
21
100
89
90
121
7
15
131
75
38
132
68
89
103
60
97
99
85
89
88
15
36
96
99
101
16
90
82
27
5
31
68
105
89
91
102
111
99
33
104
96
104
35
99
101
4
64
100
102
90
93
14
45
67
127
106
90
14
77
17
133
36
22
36
121
7
108
137
77
109
125
47
93
95
147
105
62
129
24
119
40
102
120
100
48
118
18
62
91
12
121
123
76
8
73
93
32
76
80
98
103
85
89
11
37
29
25
45
37
73
27
40
92
86
65
66
41
148
102
72
84
102
93
16
102
39
5
95
98
108
62
43
27
98
97
93
87
22
89
30
96
33
92
106
34
61
97
96
34
47
92
97
92
109
64
10
110
90
7
41
92
100
92
32
90
97
55
76
94
126
139
122
45
34
88
77
44
25
98
86
130
40
60
53
11
90
106
136
33
73
101
93
107
106
42
4
75
63
9
121
59
42
7
85
66
101
107
26
100
123
123
99
61
79
30
38
15
83
41
29
17
40
25
72
97
122
24
77
65
14
128
12
106
6
32
61
104
105
107
123
137
136
29
70
92
95
10
90
25
72
38
78
89
24
64
82
24
95
99
17
85
13
87
83
99
107
35
108
84
42
66
80
61
99
22
53
79
42
86
47
75
45
98
95
53
99
95
100
81
93
101
69
104
98
92
36
40
8
100
28
23
22
89
30
31
98
12
98
19
105
41
68
16
83
32
29
34
72
170
29
5
20
107
63
97
99
61
67
105
8
108
108
80
30
88
40
105
86
30
61
92
94
62
40
158
91
95
54
62
86
70
6
89
90
105
62
83
100
66
12
109
61
96
93
37
12
82
96
99
25
39
110
47
84
75
35
68
60
12
24
92
20
82
20
103
11
100
100
100
7
105
68
96
107
11
86
63
89
39
96
59
98
12
95
130
59
97
105
84
25
87
97
69
51
88
102
61
106
30
56
97
119
62
71
131
95
26
125
61
98
91
95
90
85
101
34
92
121
31
64
124
126
25
63
37
132
32
129
126
125
89
92
41
46
9
37
129
35
101
100
23
73
39
85
101
37
31
46
123
12
62
14
7
104
93
14
92
27
104
109
66
33
22
38
78
81
126
15
8
70
23
43
60
95
64
125
88
83
27
85
27
22
104
125
63
95
95
98
68
99
95
26
122
16
39
42
40
89
9
98
97
123
341
123
128
93
97
103
63
60
16
125
93
101
100
89
135
126
10
97
35
16
127
9
125
112
14
87
102
120
100
63
124
16
101
131
40
98
29
26
18
17
90
95
45
48
99
9
95
88
15
92
95
100
8
65
16
81
88
6
26
108
107
85
83
22
29
97
4
76
41
89
26
63
12
23
18
79
5
26
33
37
62
98
24
67
16
6
60
42
73
54
63
28
84
98
95
99
21
101
77
42
102
36
87
96
59
66
37
49
61
63
96
77
95
31
84
62
93
68
82
93
19
10
65
89
4
24
65
30
32
115
46
35
97
35
68
110
38
103
102
16
92
45
109
92
41
78
68
83
103
44
72
94
81
35
106
86
81
91
95
107
31
85
62
60
44
36
23
99
19
26
40
47
20
25
87
46
32
119
124
44
93
16
94
106
36
82
21
29
84
17
98
86
82
82
13
24
110
60
100
20
96
100
70
26
110
80
72
38
96
104
62
30
97
40
67
107
15
94
79
104
91
108
86
92
20
64
91
106
95
73
89
93
18
13
51
101
89
91
102
24
91
93
34
96
78
97
80
103
50
65
18
153
99
39
93
55
88
133
92
85
35
39
100
86
80
56
111
90
103
79
106
101
91
105
82
112
60
64
60
12
82
96
11
77
93
64
67
28
103
97
76
31
102
83
27
101
91
66
88
90
91
95
88
98
70
72
91
93
71
91
46
87
17
69
80
101
62
37
62
103
68
86
86
96
41
95
65
97
63
28
29
97
88
88
36
105
104
101
41
106
91
95
20
43
101
69
103
43
86
39
67
63
96
96
35
122
60
55
93
37
127
29
72
66
94
102
57
335
29
123
126
47
153
16
97
63
125
63
78
15
90
95
101
61
40
120
60
94
12
79
84
116
102
16
90
42
96
46
136
143
38
101
63
50
101
84
22
27
105
132
92
128
62
44
79
104
79
71
104
90
80
91
23
106
70
79
99
105
74
99
106
91
96
71
103
74
117
70
72
23
72
66
34
32
102
70
111
79
95
100
65
101
99
73
88
114
76
91
105
104
72
102
73
101
64
86
106
103
105
29
69
79
101
76
102
73
103
150
35
105
64
69
116
112
107
20
93
73
104
70
29
120
79
76
69
34
100
67
103
76
93
104
76
31
109
65
120
101
72
33
70
106
68
27
84
70
101
71
107
118
72
78
95
101
71
81
102
88
102
105
72
69
103
36
77
116
73
110
69
103
107
73
105
88
74
110
93
115
74
70
86
20
105
105
68
66
99
103
21
103
112
116
71
104
66
101
65
110
74
105
67
93
106
65
91
105
109
66
114
95
64
24
100
72
103
21
81
23
78
70
106
32
28
30
80
95
75
90
23
71
102
101
69
100
106
104
66
66
91
78
94
67
90
21
77
70
97
71
105
66
88
70
66
23
109
74
107
113
71
33
79
78
109
73
108
107
70
75
20
29
89
94
71
24
71
118
72
27
111
115
71
110
23
99
79
21
104
106
73
107
76
106
70
102
75
108
79
66
90
94
65
93
74
105
107
98
75
34
105
97
76
104
71
111
78
34
64
110
94
100
74
109
90
103
70
27
101
71
72
21
93
105
71
74
113
73
24
112
71
77
103
34
72
105
75
94
65
68
93
100
72
100
74
101
104
76
69
26
104
104
22
74
102
103
75
76
100
67
94
72
98
73
94
103
70
109
67
105
106
75
106
104
23
78
104
94
96
95
77
92
91
70
108
106
103
114
66
104
91
66
101
110
78
79
75
33
102
105
74
67
93
76
94
114
73
103
66
144
65
96
76
72
106
66
107
115
107
94
105
102
99
97
73
106
105
79
111
35
100
72
71
103
21
107
31
108
78
74
106
23
87
23
93
33
85
72
67
23
110
105
102
79
34
101
71
72
96
70
87
75
22
102
75
106
107
21
119
113
80
68
94
109
70
104
67
101
117
71
88
101
102
68
100
35
93
104
79
72
103
76
113
88
66
67
106
75
92
26
91
113
74
31
75
114
71
87
66
68
104
70
112
106
28
73
93
103
68
38
77
72
91
111
69
23
79
108
71
35
72
80
105
90
34
32
117
59
93
99
72
89
69
195
61
90
185
60
91
91
82
82
91
55
70
60
97
63
58
62
87
86
68
108
68
194
80
61
102
63
200
67
69
66
96
81
87
99
179
93
92
169
78
99
80
94
87
94
103
98
97
36
75
86
82
96
77
100
74
110
85
80
220
84
97
94
89
108
101
97
92
110
77
103
74
89
88
98
109
87
95
99
93
110
246
79
100
74
106
94
108
91
109
225
75
88
97
80
94
90
107
114
103
99
73
75
83
83
243
110
90
70
113
92
73
101
76
90
104
96
252
92
94
96
108
108
101
76
112
107
92
100
96
98
79
74
88
109
112
97
95
94
103
106
93
101
77
238
221
111
95
102
99
72
90
98
110
83
76
97
93
100
105
102
90
83
99
104
80
111
95
91
96
255
100
87
84
91
100
93
93
95
90
90
90
96
55
104
93
99
75
242
92
86
99
98
106
81
111
88
91
81
79
92
109
104
92
72
95
115
78
99
96
97
72
77
96
74
102
103
96
78
109
96
97
75
100
99
100
82
93
83
89
74
95
92
99
107
96
73
239
93
232
71
80
105
94
88
97
76
83
74
101
112
112
101
85
92
105
113
75
80
99
110
80
81
72
104
90
81
93
101
91
97
76
82
86
98
95
111
111
98
68
93
102
98
85
98
58
103
74
103
99
95
107
94
74
79
99
143
107
108
79
79
99
103
85
103
82
101
107
84
98
89
79
105
75
103
107
74
97
105
115
73
94
84
89
79
97
100
99
77
56
92
86
73
97
100
91
96
80
89
100
99
99
101
90
101
68
92
91
70
107
98
78
116
133
136
138
129
133
138
138
138
291
126
133
124
92
114
102
123
123
119
115
122
100
120
136
99
116
125
115
103
132
114
130
111
125
102
124
330
133
138
127
120
119
127
124
122
87
127
110
99
117
120
134
118
95
102
119
125
112
117
123
119
115
115
111
118
123
92
127
123
129
109
114
128
126
115
115
115
115
123
118
126
118
115
132
98
128
115
95
129
126
119
107
102
140
125
116
86
125
339
57
113
124
121
127
93
118
138
133
84
118
105
125
138
140
123
125
118
116
128
126
120
135
125
129
126
115
143
121
135
131
138
129
50
119
121
117
89
120
125
116
109
131
120
116
118
122
121
119
116
104
112
133
127
121
109
126
99
112
111
119
138
106
131
126
93
126
125
124
110
128
121
124
114
144
138
121
131
121
116
120
118
109
135
130
128
131
125
114
127
99
105
129
107
126
118
123
93
122
140
130
128
114
115
298
97
113
133
132
136
118
132
131
118
136
121
137
121
114
141
111
347
121
131
133
125
107
134
127
122
124
129
124
126
134
135
125
130
123
139
119
141
124
122
118
129
118
136
137
138
122
120
119
85
118
112
125
100
125
143
126
123
122
124
116
123
132
138
132
116
114
129
331
118
101
126
107
125
126
128
133
121
119
308
114
128
124
119
124
129
127
120
130
116
123
139
123
136
117
111
136
124
86
125
116
114
131
138
118
126
121
138
119
118
134
115
329
102
135
133
139
131
120
113
123
110
117
124
129
314
114
128
127
123
96
107
123
120
106
124
123
108
124
110
127
89
113
115
124
121
80
318
119
137
130
132
127
122
118
119
140
136
120
111
122
125
125
128
122
132
112
124
112
113
129
128
137
120
115
119
123
129
97
121
117
114
118
125
116
130
114
120
131
117
139
125
125
123
119
133
122
126
122
133
125
123
125
124
130
141
115
138
124
121
98
119
351
102
134
121
122
136
111
124
134
118
118
126
119
127
127
129
110
135
116
122
128
138
136
135
325
127
115
132
128
131
95
129
138
113
103
110
138
112
139
123
125
119
140
127
121
93
123
124
117
121
109
136
127
141
95
128
132
110
133
124
131
117
110
119
145
129
115
119
126
101
127
132
124
116
88
128
139
98
112
87
125
86
128
121
131
126
115
122
130
113
109
124
118
125
127
141
118
125
123
119
128
115
121
120
120
113
113
138
119
86
112
121
127
140
123
123
119
129
120
121
114
118
124
130
136
115
90
132
96
125
125
130
128
95
137
117
112
121
113
123
133
98
125
120
118
122
116
136
123
355
122
135
120
103
335
113
130
82
118
114
116
121
100
143
121
116
96
112
113
111
135
142
137
120
127
135
115
123
119
131
122
114
88
118
118
129
105
125
119
118
114
119
134
86
126
127
114
123
109
125
118
121
118
116
120
87
122
138
113
104
140
130
128
138
121
125
112
115
340
111
110
118
80
133
123
117