cost: 14178
6,1
73,0
76,0
58,0
82,0
2,0
3,0
35,0
42,0
17,0
51,0
53,0
100,0
5,0
36,0
68,0
94,0
26,0
30,0
54,0
60,0
1,0
14,0
125,0
129,0
157,0
33,0
83,0
154,0
56,1
64,1
57,2
98,2
32,0
47,0
74,2
84,2
59,0
65,2
19,0
22,0
88,0
112,0
7,0
24,0
67,0
85,0
92,0
108,1
104,0
15,0
29,0
40,0
12,0
28,0
96,0
71,0
75,0
124,0
146,0
49,0
178,0
50,0
115,0
37,0
107,0
120,0
128,0
66,0
48,0
118,0
175,0
81,0
119,0
163,0
55,0
18,0
62,0
116,0
202,0
207,0
4,0
70,0
39,0
142,0
208,0
13,0
111,0
191,0
9,0
206,0
63,0
79,0
141,0
23,0
158,0
180,0
16,0
113,0
34,0
122,0
143,0
174,0
187,0
41,0
182,0
193,0
25,0
86,0
97,0
44,0
87,0
153,0
205,0
80,0
95,0
192,0
52,0
133,0
8,0
11,0
21,0
168,0
43,0
167,0
69,0
134,0
149,0
10,0
45,0
78,0
164,0
151,0
46,0
99,0
147,0
20,0
38,0
89,0
105,0
27,0
90,0
199,0
61,0
91,0
93,0
31,0
72,0
77,0
114,0
132,0
190,0
166,0
183,0
186,0
196,0
200,0
106,0
176,0
376,0
138,0
217,0
310,1
401,0
161,0
189,0
273,0
222,0
291,0
170,0
224,0
150,0
209,0
328,0
173,0
165,0
145,0
152,0
315,0
338,1
365,1
181,0
398,0
137,0
140,0
179,2
184,2
204,2
272,4
375,4
126,3
169,1
250,3
299,3
323,3
235,0
177,0
130,0
392,0
139,0
109,0
171,1
162,0
244,1
307,1
172,1
275,0
159,0
148,0
117,0
264,0
242,0
397,0
334,0
361,0
101,0
266,0
246,0
303,0
221,0
228,0
188,0
321,0
102,0
127,2
136,1
213,1
195,0
254,0
144,0
347,0
121,0
293,0
317,0
230,0
333,0
160,0
271,0
362,2
388,2
284,3
335,4
346,5
393,5
123,4
358,4
103,5
131,6
155,8
197,9
339,9
251,9
330,10
374,10
198,9
248,10
135,12
258,12
326,10
260,9
156,9
110,9
203,8
239,7
261,8
268,9
286,8
344,9
510,10
212,9
325,10
714,10
305,8
546,10
818,10
382,9
500,11
185,10
241,10
257,10
295,10
211,9
406,9
319,10
402,10
194,9
364,9
263,9
404,11
506,12
312,12
441,14
216,13
318,13
390,13
201,12
245,12
210,11
760,11
243,12
256,12
287,14
324,13
313,12
825,12
269,13
297,14
357,14
842,14
294,12
353,13
610,13
371,14
450,17
876,16
281,14
219,13
337,13
493,14
745,14
776,15
237,13
301,16
302,19
877,19
231,17
789,16
336,15
428,15
551,15
768,15
233,17
407,17
229,16
304,17
367,17
793,17
458,19
289,16
556,17
276,16
368,16
349,19
491,19
350,16
384,16
405,16
445,17
262,15
342,15
381,16
332,15
399,17
285,16
436,16
606,18
675,19
741,18
752,18
340,17
282,19
369,19
650,20
240,19
249,19
270,19
378,18
639,18
267,18
331,19
320,17
279,17
306,16
309,17
396,18
389,18
394,19
345,19
351,19
387,19
379,19
691,19
408,18
403,18
277,20
377,23
505,23
356,22
535,23
232,21
253,21
341,21
410,21
409,20
487,20
218,21
343,22
292,23
588,25
225,24
801,26
220,25
227,24
255,26
311,26
385,26
288,26
489,28
594,28
223,27
316,28
391,29
296,30
322,30
247,30
370,30
511,30
601,30
730,31
354,30
882,33
415,32
534,32
583,32
298,34
373,34
612,34
363,33
395,33
234,31
265,30
695,29
308,28
372,33
366,32
701,32
280,31
314,31
327,31
355,39
283,38
290,38
694,38
774,38
383,37
424,37
590,37
713,39
380,39
252,37
278,37
360,37
473,37
274,40
352,40
582,40
698,39
300,37
418,37
554,36
226,37
238,38
386,38
400,39
348,38
359,41
214,40
259,40
215,39
896,40
329,44
482,44
236,43
465,43
829,42
598,39
484,38
538,36
630,36
581,38
662,38
669,37
797,29
434,28
786,28
440,27
522,27
742,27
715,25
563,24
771,20
723,19
702,20
757,19
828,18
835,19
692,18
672,10
707,10
738,10
513,6
635,7
700,7
447,6
748,2
780,1
884,1
868,0
553,0
759,0
658,0
648,0
421,0
659,0
869,0
805,0
501,0
573,0
624,0
569,0
811,0
816,0
654,0
476,0
442,0
633,0
749,0
903,0
437,0
821,0
494,0
758,0
820,0
756,0
711,0
521,0
481,0
621,0
823,0
734,0
807,0
524,0
834,0
710,0
800,0
492,0
693,0
861,0
881,0
810,0
577,0
486,0
544,0
753,0
564,0
502,0
545,0
739,0
688,0
663,0
870,0
899,0
872,0
552,0
426,0
676,0
755,0
555,0
671,0
802,0
599,0
863,0
475,0
647,0
593,0
705,0
679,0
867,0
619,0
885,0
781,0
575,0
618,0
652,0
887,0
425,0
470,0
666,0
689,0
719,0
670,0
413,0
449,0
819,0
514,0
767,0
746,0
728,0
464,0
812,0
873,0
431,0
419,0
736,0
721,0
579,0
665,0
765,0
568,0
643,0
795,0
525,0
682,0
443,0
417,0
743,0
785,0
843,0
543,0
860,0
509,0
461,0
529,0
784,0
792,0
548,0
906,0
839,0
571,0
557,0
909,0
763,0
503,0
614,0
627,0
890,0
411,0
657,0
578,0
735,0
638,0
788,0
871,0
595,0
600,0
477,0
512,0
541,0
766,0
856,0
623,0
727,0
640,0
847,0
446,0
907,0
886,0
562,0
589,0
686,0
826,0
584,0
605,0
478,0
697,0
637,0
717,0
905,0
830,0
631,0
895,0
454,0
862,0
893,0
597,0
772,0
724,0
845,0
813,0
422,0
499,0
642,0
889,0
814,0
894,0
841,0
559,0
822,0
558,0
497,0
824,0
463,0
566,0
737,0
808,0
853,0
604,0
626,0
661,0
908,0
732,0
833,0
444,0
539,0
900,0
883,0
547,0
706,0
468,0
837,0
540,0
570,0
846,0
591,0
607,0
722,0
439,0
892,0
673,0
855,0
683,0
716,0
897,0
840,0
910,0
527,0
414,0
602,0
632,0
831,0
733,0
613,0
467,0
474,0
455,0
549,0
726,0
495,0
533,0
779,0
709,0
806,0
620,0
668,0
699,0
696,0
646,0
902,0
764,0
519,0
783,0
667,0
750,0
592,0
681,0
438,0
430,0
459,0
645,0
865,0
520,0
518,0
641,0
530,0
680,0
580,0
799,0
508,0
836,0
864,0
644,0
827,0
433,0
622,0
778,0
751,0
651,0
888,0
471,0
804,0
851,0
496,0
656,0
608,0
469,0
432,0
687,0
898,0
526,0
718,0
660,0
852,0
515,0
674,0
504,0
567,0
678,0
531,0
653,0
423,0
429,0
848,0
850,0
460,0
703,0
775,0
451,0
729,0
754,0
585,0
586,0
858,0
462,0
420,0
655,0
769,0
629,0
488,0
782,0
725,0
817,0
536,0
576,0
611,0
561,0
832,0
690,0
787,0
880,0
762,0
777,0
879,0
634,0
874,0
448,0
773,0
616,0
878,0
815,0
485,0
838,0
708,0
516,0
550,0
480,0
685,0
615,0
452,0
625,0
684,0
457,0
901,0
532,0
466,0
498,0
456,0
507,0
472,0
565,0
572,0
857,0
412,0
891,0
542,0
609,0
479,0
740,0
809,0
803,0
747,0
523,0
560,0
603,0
720,0
859,0
794,0
636,0
587,0
490,0
528,0
854,0
904,0
844,0
664,0
761,0
798,0
517,0
849,0
617,0
537,0
770,0
704,0
790,0
435,0
574,0
628,0
483,0
453,0
416,0
427,0
791,0
875,0
649,0
731,0
866,0
596,0
677,0
796,0
712,0
744,0