cost: 7253
33,0
9,0
18,0
95,0
90,0
65,0
78,0
51,0
57,0
19,0
67,0
88,0
92,0
13,0
16,0
8,0
83,0
76,0
3,0
17,0
25,0
80,0
54,0
44,0
114,2
40,0
56,0
32,0
96,0
118,2
159,2
74,1
147,1
4,0
31,0
28,2
39,1
149,3
36,2
99,4
6,3
41,3
126,3
23,3
30,3
61,4
94,3
100,3
12,2
27,4
49,4
10,2
14,3
89,4
154,4
43,4
7,3
72,3
84,5
87,5
37,4
69,3
155,4
21,3
63,3
86,3
129,3
64,2
71,6
175,6
34,5
79,5
66,4
173,6
172,4
35,5
97,6
176,6
146,5
158,5
42,4
93,6
82,5
59,4
1,6
52,7
53,7
26,7
127,7
91,7
178,7
121,5
73,4
68,5
206,5
2,6
22,6
11,8
70,8
133,8
103,7
161,7
167,7
50,6
168,8
45,8
48,7
60,6
145,7
85,4
107,4
123,4
122,4
47,7
125,7
190,7
191,9
46,10
75,10
102,11
109,12
128,13
58,12
15,14
138,14
162,14
150,13
20,12
77,11
166,11
81,9
208,10
38,9
98,11
156,10
29,9
55,9
24,8
194,9
5,8
62,8
119,7
182,7
124,8
135,8
165,9
170,6
179,7
180,7
204,8
139,7
169,7
210,6
185,5
106,5
241,5
321,6
326,6
177,7
137,6
401,6
153,4
184,6
215,6
293,6
171,5
246,6
301,7
142,7
193,7
195,7
212,8
163,9
283,9
294,8
346,8
207,11
200,10
258,11
224,10
264,12
393,13
394,12
181,11
353,11
160,10
113,11
262,11
130,10
198,10
302,11
164,10
327,9
375,10
117,10
276,11
376,11
111,10
197,10
303,11
233,10
270,11
345,9
151,9
174,9
213,9
316,11
378,11
383,11
108,10
141,13
267,15
281,14
116,13
134,13
148,13
199,12
205,13
305,14
285,16
319,17
317,16
381,16
131,14
214,14
187,13
232,14
237,13
407,12
143,11
365,13
105,12
220,12
112,11
140,13
335,13
144,12
203,14
400,14
247,13
115,12
230,13
268,16
388,16
120,15
343,15
291,13
344,13
396,13
282,12
183,11
373,14
371,13
104,14
349,14
377,14
325,12
395,12
157,13
110,14
386,16
152,13
244,13
254,13
314,14
337,13
362,13
132,14
101,13
136,13
877,14
260,13
201,12
211,12
361,12
271,11
628,12
188,13
189,13
398,13
538,13
340,13
186,13
292,13
731,13
209,13
192,12
235,13
404,13
642,13
866,14
315,13
370,13
202,12
313,13
380,13
196,13
278,14
286,14
320,14
410,15
225,14
329,15
402,15
612,17
227,17
280,17
336,18
289,18
332,21
573,22
578,22
855,21
290,20
257,20
261,20
887,20
229,19
339,20
462,19
631,19
269,20
515,20
738,21
226,20
309,20
338,21
442,20
812,20
853,21
300,21
409,21
474,20
354,19
422,19
651,18
761,18
248,17
324,19
545,19
769,19
243,18
295,19
881,20
223,20
592,21
252,20
236,19
342,19
593,20
713,20
217,19
253,19
525,20
607,20
297,20
736,20
364,19
408,19
871,19
218,19
341,21
351,20
288,19
389,19
498,20
256,19
273,20
857,20
265,20
368,20
221,20
360,19
513,23
272,22
488,22
716,22
469,21
760,24
239,23
242,23
682,23
696,22
228,23
330,22
611,22
900,22
310,23
397,23
384,23
245,22
296,23
390,23
333,25
366,28
251,27
277,26
574,26
755,26
318,25
287,27
730,28
356,27
662,26
804,28
238,27
406,27
323,26
372,27
405,23
584,25
266,24
279,24
475,24
219,22
222,24
347,27
387,27
570,25
382,24
357,25
845,25
403,25
263,24
350,21
391,22
497,23
231,22
308,22
367,21
250,20
259,20
392,21
746,21
781,23
426,27
575,27
657,27
284,25
374,25
427,25
437,25
334,25
358,25
649,25
274,25
359,26
249,25
275,26
348,26
306,26
706,26
672,27
752,24
304,23
355,23
385,26
331,25
718,25
506,26
811,26
379,25
216,24
307,27
322,27
240,27
352,27
581,30
589,30
750,30
234,29
491,35
860,35
299,33
312,34
399,36
419,35
557,35
328,34
856,34
369,33
255,36
298,36
363,42
880,44
311,43
652,45
543,45
726,50
533,47
778,46
668,50
548,48
670,46
678,46
472,46
829,45
411,45
554,44
663,44
840,39
789,45
846,45
874,45
801,43
824,45
418,44
562,44
888,49
658,46
797,45
825,47
906,46
492,49
534,48
747,46
510,43
461,42
905,39
679,35
483,36
517,37
490,40
708,40
479,37
481,41
582,45
735,39
535,36
802,35
907,34
686,33
647,35
724,35
561,35
449,29
467,28
690,29
889,30
596,28
599,34
890,34
660,33
712,36
792,34
819,33
440,33
699,36
473,32
745,28
643,28
684,31
791,35
893,35
613,34
831,34
523,36
448,36
514,36
572,36
798,39
618,38
432,37
722,35
851,35
715,35
879,36
852,32
495,30
502,33
700,33
754,36
901,33
424,31
847,32
566,35
666,32
470,31
501,28
823,27
522,34
600,34
413,32
464,31
542,35
782,35
805,35
553,36
650,38
822,38
872,40
809,44
777,42
503,41
895,41
601,44
606,49
744,49
873,49
830,48
520,47
512,49
839,49
808,47
695,44
899,44
815,49
859,49
567,46
489,45
834,47
559,48
453,44
770,48
910,47
476,45
727,44
904,45
555,44
507,42
665,43
742,44
446,43
836,43
818,43
544,47
609,47
415,46
795,47
776,44
441,42
508,39
587,42
619,43
719,41
588,40
455,42
702,40
757,41
527,41
429,35
615,35
659,38
854,40
630,39
875,39
595,46
816,46
891,43
764,42
827,46
832,45
673,44
552,45
842,45
813,49
624,48
861,47
753,44
870,50
568,49
635,48
637,47
756,50
500,48
505,48
704,50
524,52
909,50
529,47
763,53
774,52
478,45
703,42
416,45
605,45
444,43
540,41
790,45
627,36
751,36
785,33
876,36
837,39
676,36
787,36
721,41
709,40
733,39
459,37
707,39
541,36
465,34
445,30
810,30
779,32
530,31
547,31
645,34
765,35
420,34
433,32
484,44
838,40
771,34
885,34
414,38
884,35
689,30
451,25
436,25
680,23
585,25
784,24
456,15
775,19
669,17
800,17
564,16
654,16
807,19
732,11
793,8
867,10
616,9
799,6
423,5
625,7
518,6
691,6
549,9
421,8
710,8
447,8
528,12
438,7
868,7
486,10
550,5
850,4
516,2
835,2
485,5
639,0
452,0
463,0
577,0
633,0
493,0
828,0
740,3
443,0
748,0
519,0
701,1
428,2
563,2
714,5
681,4
892,5
683,3
499,5
806,4
460,6
786,6
667,5
717,5
565,8
610,4
457,3
638,6
865,8
705,6
480,8
741,8
551,6
511,9
450,8
693,5
725,1
622,5
629,5
803,4
773,4
902,0
634,0
623,0
477,0
571,0
826,0
864,2
661,0
531,0
772,0
739,0
583,0
646,0
734,0
579,0
594,0
412,0
648,0
677,0
644,2
862,2
768,2
431,0
636,4
466,0
458,0
692,0
697,1
539,1
898,1
425,3
720,3
671,2
908,3
903,5
496,4
608,7
821,6
482,5
641,8
675,12
728,12
487,11
796,15
521,14
591,12
849,16
848,16
878,15
655,17
435,13
820,10
883,12
602,11
694,12
558,9
869,13
896,11
743,8
569,11
729,11
766,10
603,6
767,8
783,8
504,9
664,8
626,6
817,10
894,10
454,8
858,9
685,13
617,12
620,12
788,12
536,14
434,13
468,11
580,13
674,14
614,12
653,11
758,11
560,13
711,13
814,14
841,15
688,17
749,19
430,19
494,22
737,21
886,18
532,18
556,17
640,23
759,23
526,21
586,23
590,26
439,25
509,24
723,31
843,30
897,28
417,26
621,30
794,36
833,36
844,33
863,33
537,38
546,38
632,37
597,39
882,36
576,41
656,39
698,38
598,36
687,44
780,42
471,37
762,37
604,37