cost: 7589
33,0
9,0
18,0
95,0
90,0
65,0
78,0
51,0
57,0
19,0
67,0
88,0
92,0
13,0
16,0
8,0
83,0
76,0
3,0
17,0
25,0
80,0
54,0
44,0
114,0
40,0
56,0
32,0
96,0
118,0
159,0
74,0
147,1
4,0
31,0
28,1
39,0
149,1
36,0
99,2
6,2
41,1
126,1
23,3
30,3
61,2
94,3
100,3
12,2
27,2
49,2
10,2
14,3
89,3
154,3
43,2
7,1
72,3
84,3
87,3
37,2
69,2
155,1
21,0
63,1
86,1
129,3
64,3
71,3
175,5
34,3
79,3
66,3
173,5
172,4
35,3
97,3
176,3
146,4
158,3
42,3
93,5
82,4
59,3
1,5
52,5
53,6
26,7
127,7
91,6
178,6
121,4
73,3
68,4
206,5
2,5
22,5
11,5
70,8
133,8
103,7
161,7
167,7
50,7
168,8
45,7
48,7
60,7
145,7
85,4
107,4
123,4
122,3
47,2
125,7
190,7
191,7
46,10
75,10
102,12
109,12
128,13
58,13
15,15
138,17
162,17
150,13
20,12
77,12
166,12
81,10
208,12
38,11
98,10
156,9
29,10
55,10
24,9
194,10
5,8
62,9
119,7
182,9
124,8
135,8
165,8
170,6
179,6
180,7
204,8
139,7
169,7
210,6
185,6
106,5
241,5
321,7
326,7
177,6
137,6
401,6
153,5
184,5
215,6
293,5
171,4
246,4
301,8
142,6
193,6
195,6
212,8
163,7
283,8
294,10
346,11
207,10
200,9
258,9
224,8
264,11
393,11
394,14
181,13
353,13
160,12
113,11
262,10
130,10
198,10
302,10
164,10
327,10
375,10
117,10
276,10
376,11
111,10
197,13
303,13
233,12
270,11
345,10
151,10
174,10
213,11
316,11
378,11
383,11
108,13
141,15
267,15
281,14
116,13
134,13
148,15
199,16
205,16
305,16
285,15
319,15
317,15
381,18
131,16
214,17
187,16
232,15
237,15
407,14
143,12
365,14
105,14
220,14
112,13
140,13
335,13
144,14
203,14
400,14
247,12
115,16
230,16
268,16
388,16
120,15
343,15
291,14
344,15
396,15
282,14
183,13
373,15
371,15
104,15
349,15
377,15
325,13
395,14
157,13
110,15
386,15
152,13
244,13
254,14
314,14
337,13
362,13
132,14
101,13
136,13
877,13
260,14
201,13
211,13
361,14
271,12
628,12
188,11
189,13
398,13
538,13
340,12
186,14
292,14
731,15
209,14
192,13
235,13
404,13
642,15
866,15
315,14
370,14
202,13
313,13
380,13
196,15
278,15
286,16
320,17
410,17
225,16
329,17
402,18
612,19
227,18
280,18
336,22
289,23
332,23
573,23
578,23
855,22
290,22
257,21
261,21
887,21
229,20
339,20
462,21
631,22
269,21
515,21
738,21
226,21
309,21
338,22
442,21
812,21
853,21
300,22
409,22
474,21
354,21
422,21
651,20
761,19
248,18
324,20
545,20
769,21
243,21
295,21
881,21
223,22
592,23
252,22
236,20
342,20
593,20
713,20
217,20
253,20
525,21
607,21
297,21
736,21
364,20
408,20
871,20
218,21
341,21
351,20
288,19
389,19
498,19
256,22
273,22
857,22
265,25
368,25
221,24
360,23
513,23
272,23
488,25
716,25
469,24
760,26
239,25
242,25
682,25
696,26
228,25
330,24
611,25
900,25
310,25
397,25
384,26
245,25
296,25
390,26
333,28
366,30
251,29
277,28
574,29
755,30
318,30
287,28
730,28
356,27
662,29
804,31
238,30
406,30
323,29
372,29
405,26
584,27
266,28
279,29
475,29
219,27
222,30
347,30
387,30
570,28
382,28
357,27
845,28
403,27
263,27
350,25
391,25
497,25
231,23
308,25
367,24
250,24
259,24
392,28
746,28
781,28
426,27
575,28
657,28
284,26
374,26
427,28
437,28
334,28
358,29
649,30
274,31
359,31
249,30
275,30
348,30
306,29
706,30
672,29
752,26
304,27
355,29
385,31
331,30
718,30
506,29
811,29
379,28
216,27
307,32
322,37
240,36
352,36
581,36
589,36
750,39
234,39
491,42
860,42
299,43
312,43
399,44
419,46
557,46
328,43
856,46
369,48
255,47
298,55
363,55
880,55
311,58
652,57
543,59
726,61
533,58
778,64
668,63
548,61
670,59
678,62
472,59
829,59
411,56
554,60
663,60
840,55
789,54
846,54
874,54
801,57
824,56
418,61
562,61
888,60
658,57
797,56
825,56
906,58
492,58
534,58
747,58
510,55
461,54
905,47
679,43
483,46
517,50
490,49
708,49
479,46
481,46
582,50
735,44
535,41
802,43
907,39
686,38
647,37
724,41
561,39
449,33
467,34
690,32
889,33
596,34
599,34
890,38
660,37
712,36
792,34
819,36
440,36
699,36
473,32
745,28
643,31
684,31
791,31
893,35
613,34
831,34
523,33
448,34
514,35
572,36
798,36
618,36
432,35
722,35
851,34
715,32
879,34
852,30
495,29
502,31
700,31
754,33
901,32
424,30
847,30
566,29
666,28
470,31
501,28
823,27
522,26
600,34
413,32
464,31
542,30
782,30
805,35
553,33
650,33
822,33
872,36
809,37
777,35
503,36
895,36
601,40
606,39
744,39
873,39
830,39
520,41
512,39
839,39
808,37
695,38
899,38
815,41
859,41
567,37
489,34
834,36
559,38
453,34
770,34
910,35
476,33
727,33
904,32
555,30
507,30
665,30
742,27
446,33
836,33
818,32
544,31
609,31
415,37
795,37
776,29
441,27
508,27
587,29
619,28
719,26
588,26
455,27
702,25
757,26
527,24
429,18
615,21
659,21
854,20
630,21
875,22
595,23
816,25
891,22
764,21
827,24
832,23
673,22
552,21
842,18
813,22
624,21
861,23
753,20
870,18
568,25
635,24
637,23
756,21
500,19
505,25
704,24
524,22
909,20
529,19
763,19
774,21
478,14
703,11
416,8
605,8
444,11
540,9
790,8
627,0
751,0
785,0
876,0
837,0
676,0
787,0
721,0
709,1
733,4
459,0
707,0
541,0
465,0
445,0
810,0
779,0
530,0
547,0
645,0
765,0
420,2
433,0
484,4
838,0
771,0
885,0
414,0
884,0
689,0
451,0
436,0
680,0
585,0
784,0
456,0
775,0
669,0
800,0
564,0
654,0
807,0
732,0
793,0
867,0
616,0
799,0
423,0
625,0
518,0
691,0
549,0
421,0
710,0
447,0
528,0
438,0
868,0
486,0
550,0
850,0
516,0
835,0
485,0
639,0
452,0
463,0
577,0
633,0
493,0
828,0
740,0
443,0
748,0
519,0
701,0
428,0
563,0
714,2
681,3
892,2
683,0
499,0
806,0
460,0
786,1
667,0
717,1
565,4
610,0
457,0
638,0
865,0
705,0
480,0
741,0
551,0
511,0
450,0
693,0
725,0
622,0
629,0
803,0
773,0
902,0
634,0
623,0
477,0
571,0
826,0
864,0
661,0
531,0
772,0
739,0
583,0
646,0
734,0
579,0
594,0
412,0
648,0
677,0
644,0
862,2
768,0
431,0
636,0
466,0
458,0
692,0
697,0
539,0
898,1
425,0
720,3
671,0
908,2
903,1
496,1
608,3
821,2
482,3
641,2
675,4
728,5
487,7
796,7
521,10
591,8
849,8
848,11
878,10
655,8
435,7
820,2
883,2
602,5
694,4
558,1
869,0
896,0
743,0
569,0
729,0
766,0
603,0
767,0
783,0
504,0
664,0
626,0
817,0
894,2
454,0
858,0
685,0
617,0
620,0
788,4
536,0
434,0
468,0
580,0
674,0
614,0
653,0
758,0
560,0
711,0
814,0
841,2
688,7
749,7
430,6
494,6
737,7
886,5
532,3
556,3
640,5
759,5
526,5
586,8
590,8
439,7
509,9
723,9
843,9
897,8
417,8
621,11
794,10
833,10
844,10
863,10
537,11
546,12
632,13
597,11
882,10
576,7
656,10
698,9
598,7
687,10
780,8
471,3
762,4
604,5