cost: 9649
33,0
9,0
18,0
95,0
90,0
65,0
78,0
51,0
57,0
19,0
67,0
88,0
92,0
13,0
16,0
8,0
83,0
76,0
3,0
17,0
25,0
80,0
54,0
44,0
114,0
40,0
56,0
32,0
96,0
118,0
159,0
74,0
147,0
4,0
31,0
28,0
39,0
149,0
36,0
99,0
6,0
41,0
126,0
23,0
30,0
61,0
94,0
100,0
12,0
27,0
49,0
10,0
14,0
89,0
154,0
43,0
7,0
72,0
84,0
87,0
37,0
69,0
155,0
21,0
63,0
86,0
129,0
64,0
71,0
175,0
34,0
79,0
66,0
173,0
172,0
35,0
97,0
176,0
146,0
158,0
42,0
93,0
82,0
59,0
1,0
52,0
53,0
26,0
127,0
91,1
178,0
121,0
73,0
68,0
206,0
2,0
22,0
11,0
70,0
133,0
103,0
161,1
167,1
50,0
168,0
45,1
48,0
60,0
145,0
85,0
107,0
123,0
122,0
47,0
125,0
190,0
191,2
46,2
75,5
102,5
109,5
128,5
58,4
15,3
138,4
162,6
150,4
20,3
77,2
166,3
81,2
208,2
38,1
98,0
156,0
29,0
55,0
24,0
194,0
5,0
62,0
119,0
182,0
124,0
135,0
165,0
170,0
179,0
180,0
204,0
139,0
169,0
210,0
185,0
106,0
241,0
321,0
326,1
177,0
137,2
401,2
153,0
184,1
215,2
293,3
171,3
246,4
301,5
142,3
193,4
195,7
212,8
163,8
283,8
294,8
346,8
207,11
200,10
258,11
224,11
264,11
393,11
394,14
181,13
353,13
160,14
113,13
262,11
130,10
198,10
302,10
164,9
327,10
375,11
117,10
276,10
376,11
111,10
197,10
303,10
233,12
270,11
345,9
151,10
174,10
213,10
316,12
378,12
383,12
108,11
141,15
267,15
281,14
116,13
134,15
148,15
199,16
205,16
305,16
285,15
319,16
317,16
381,18
131,16
214,16
187,16
232,15
237,14
407,13
143,11
365,11
105,14
220,14
112,13
140,13
335,13
144,14
203,14
400,14
247,14
115,16
230,16
268,16
388,16
120,15
343,15
291,13
344,15
396,15
282,17
183,16
373,16
371,15
104,15
349,16
377,16
325,15
395,15
157,17
110,16
386,17
152,14
244,14
254,14
314,14
337,13
362,16
132,15
101,15
136,15
877,14
260,13
201,12
211,12
361,12
271,11
628,11
188,11
189,12
398,13
538,14
340,13
186,13
292,13
731,13
209,12
192,13
235,13
404,13
642,13
866,14
315,13
370,13
202,11
313,11
380,13
196,12
278,13
286,13
320,13
410,14
225,14
329,16
402,16
612,16
227,17
280,17
336,18
289,17
332,17
573,17
578,21
855,20
290,19
257,19
261,18
887,19
229,19
339,19
462,18
631,19
269,18
515,18
738,18
226,18
309,18
338,18
442,18
812,18
853,19
300,18
409,18
474,18
354,18
422,18
651,17
761,16
248,15
324,15
545,16
769,16
243,16
295,16
881,16
223,18
592,18
252,18
236,16
342,16
593,17
713,17
217,16
253,16
525,16
607,17
297,16
736,16
364,17
408,17
871,17
218,17
341,17
351,16
288,15
389,15
498,17
256,18
273,18
857,18
265,19
368,19
221,19
360,18
513,19
272,18
488,22
716,22
469,21
760,22
239,21
242,21
682,21
696,22
228,21
330,20
611,22
900,22
310,21
397,21
384,20
245,23
296,25
390,26
333,25
366,25
251,24
277,26
574,29
755,29
318,28
287,28
730,28
356,27
662,28
804,28
238,28
406,28
323,27
372,29
405,25
584,25
266,26
279,24
475,26
219,24
222,27
347,28
387,28
570,26
382,26
357,26
845,26
403,25
263,24
350,23
391,23
497,23
231,22
308,22
367,24
250,23
259,23
392,23
746,24
781,24
426,27
575,27
657,27
284,25
374,25
427,25
437,27
334,26
358,27
649,27
274,25
359,25
249,26
275,27
348,27
306,29
706,29
672,27
752,24
304,27
355,27
385,28
331,27
718,27
506,26
811,29
379,29
216,31
307,31
322,31
240,30
352,30
581,30
589,36
750,36
234,36
491,39
860,39
299,39
312,39
399,39
419,42
557,42
328,38
856,38
369,38
255,40
298,40
363,42
880,42
311,46
652,46
543,45
726,50
533,47
778,46
668,45
548,44
670,46
678,46
472,43
829,42
411,40
554,39
663,41
840,39
789,38
846,38
874,38
801,36
824,35
418,33
562,40
888,39
658,36
797,35
825,35
906,32
492,34
534,33
747,32
510,29
461,32
905,25
679,21
483,20
517,19
490,18
708,18
479,17
481,19
582,20
735,14
535,18
802,17
907,11
686,10
647,9
724,9
561,7
449,1
467,2
690,2
889,2
596,0
599,1
890,2
660,1
712,2
792,1
819,3
440,0
699,0
473,0
745,0
643,0
684,0
791,0
893,0
613,0
831,0
523,0
448,0
514,3
572,3
798,3
618,0
432,0
722,0
851,0
715,0
879,0
852,0
495,0
502,0
700,0
754,0
901,0
424,0
847,0
566,0
666,0
470,0
501,0
823,0
522,0
600,0
413,0
464,0
542,0
782,0
805,0
553,0
650,0
822,1
872,1
809,2
777,0
503,0
895,0
601,0
606,0
744,1
873,2
830,1
520,2
512,0
839,0
808,0
695,0
899,0
815,0
859,0
567,0
489,0
834,0
559,0
453,0
770,0
910,0
476,0
727,0
904,0
555,0
507,0
665,0
742,0
446,0
836,0
818,0
544,0
609,0
415,0
795,0
776,0
441,0
508,0
587,0
619,0
719,0
588,0
455,0
702,0
757,0
527,0
429,0
615,0
659,0
854,0
630,0
875,0
595,0
816,0
891,0
764,0
827,0
832,0
673,0
552,0
842,0
813,0
624,0
861,0
753,0
870,0
568,0
635,0
637,0
756,0
500,0
505,0
704,0
524,0
909,0
529,0
763,0
774,0
478,0
703,0
416,0
605,0
444,0
540,0
790,0
627,0
751,0
785,0
876,0
837,0
676,0
787,0
721,0
709,0
733,0
459,0
707,0
541,0
465,0
445,0
810,0
779,0
530,0
547,0
645,0
765,0
420,0
433,0
484,0
838,0
771,0
885,0
414,0
884,0
689,0
451,0
436,0
680,0
585,0
784,0
456,0
775,0
669,0
800,0
564,0
654,0
807,0
732,0
793,0
867,0
616,0
799,0
423,0
625,0
518,0
691,0
549,0
421,0
710,0
447,0
528,0
438,0
868,0
486,0
550,0
850,0
516,0
835,0
485,0
639,0
452,0
463,0
577,0
633,0
493,0
828,0
740,0
443,0
748,0
519,0
701,0
428,0
563,0
714,0
681,0
892,0
683,0
499,0
806,0
460,0
786,0
667,0
717,0
565,0
610,0
457,0
638,0
865,0
705,0
480,0
741,0
551,0
511,0
450,0
693,0
725,0
622,0
629,0
803,0
773,0
902,0
634,0
623,0
477,0
571,0
826,0
864,0
661,0
531,0
772,0
739,0
583,0
646,0
734,0
579,0
594,0
412,0
648,0
677,0
644,0
862,0
768,0
431,0
636,0
466,0
458,0
692,0
697,0
539,0
898,0
425,0
720,0
671,0
908,0
903,0
496,0
608,0
821,0
482,0
641,0
675,0
728,0
487,1
796,1
521,0
591,0
849,1
848,1
878,0
655,0
435,0
820,0
883,0
602,0
694,0
558,0
869,0
896,0
743,0
569,0
729,0
766,0
603,0
767,0
783,0
504,0
664,0
626,0
817,0
894,0
454,0
858,0
685,0
617,0
620,0
788,0
536,0
434,0
468,0
580,0
674,0
614,0
653,0
758,0
560,0
711,0
814,0
841,0
688,0
749,0
430,0
494,6
737,5
886,0
532,0
556,0
640,0
759,0
526,0
586,0
590,1
439,2
509,1
723,1
843,0
897,0
417,0
621,0
794,0
833,0
844,0
863,0
537,0
546,0
632,0
597,0
882,0
576,0
656,0
698,0
598,0
687,0
780,0
471,0
762,0
604,0