cost: 7380
33,0
9,0
18,0
95,0
90,0
65,0
78,0
51,0
57,0
19,0
67,0
88,0
92,0
13,0
16,0
8,0
83,0
76,0
3,0
17,0
25,0
80,0
54,0
44,0
114,0
40,0
56,0
32,0
96,0
118,0
159,0
74,0
147,1
4,0
31,0
28,1
39,0
149,1
36,0
99,1
6,2
41,1
126,2
23,2
30,3
61,2
94,3
100,3
12,2
27,2
49,4
10,2
14,3
89,3
154,3
43,2
7,3
72,3
84,3
87,4
37,3
69,2
155,1
21,1
63,1
86,1
129,3
64,2
71,5
175,5
34,3
79,4
66,4
173,6
172,4
35,3
97,4
176,4
146,4
158,4
42,4
93,5
82,4
59,4
1,3
52,5
53,6
26,6
127,7
91,7
178,6
121,5
73,4
68,4
206,5
2,5
22,5
11,8
70,8
133,8
103,7
161,7
167,8
50,7
168,7
45,8
48,7
60,7
145,8
85,5
107,9
123,9
122,8
47,7
125,7
190,7
191,7
46,10
75,11
102,12
109,12
128,12
58,12
15,13
138,15
162,15
150,13
20,12
77,12
166,12
81,12
208,12
38,11
98,10
156,10
29,10
55,10
24,10
194,11
5,9
62,9
119,9
182,9
124,8
135,9
165,9
170,7
179,9
180,10
204,10
139,9
169,10
210,9
185,10
106,8
241,8
321,8
326,8
177,8
137,8
401,8
153,8
184,9
215,9
293,8
171,8
246,9
301,10
142,8
193,8
195,8
212,11
163,14
283,14
294,14
346,14
207,13
200,12
258,12
224,11
264,11
393,16
394,15
181,15
353,15
160,14
113,13
262,11
130,10
198,14
302,15
164,14
327,13
375,13
117,12
276,12
376,12
111,11
197,11
303,14
233,15
270,15
345,13
151,12
174,14
213,14
316,14
378,14
383,14
108,16
141,17
267,17
281,18
116,17
134,17
148,17
199,16
205,16
305,17
285,18
319,18
317,18
381,19
131,17
214,18
187,18
232,17
237,19
407,18
143,16
365,18
105,16
220,16
112,15
140,15
335,15
144,14
203,14
400,14
247,17
115,16
230,17
268,17
388,18
120,17
343,17
291,15
344,19
396,21
282,20
183,19
373,18
371,17
104,15
349,17
377,18
325,18
395,18
157,18
110,17
386,17
152,16
244,16
254,16
314,17
337,17
362,17
132,16
101,16
136,16
877,15
260,14
201,13
211,14
361,16
271,14
628,15
188,15
189,16
398,16
538,16
340,15
186,15
292,15
731,16
209,16
192,15
235,15
404,15
642,16
866,16
315,17
370,17
202,16
313,16
380,16
196,17
278,17
286,17
320,18
410,19
225,18
329,19
402,19
612,21
227,20
280,22
336,22
289,21
332,24
573,24
578,25
855,24
290,23
257,22
261,22
887,21
229,20
339,22
462,22
631,22
269,21
515,21
738,21
226,22
309,22
338,23
442,22
812,22
853,23
300,22
409,22
474,22
354,22
422,22
651,21
761,20
248,19
324,19
545,19
769,19
243,18
295,22
881,22
223,22
592,22
252,21
236,20
342,20
593,20
713,21
217,20
253,20
525,20
607,21
297,20
736,20
364,19
408,22
871,22
218,21
341,21
351,20
288,19
389,22
498,22
256,21
273,22
857,26
265,25
368,25
221,24
360,23
513,26
272,25
488,25
716,25
469,26
760,28
239,27
242,28
682,28
696,27
228,27
330,26
611,26
900,26
310,31
397,31
384,30
245,29
296,31
390,31
333,30
366,32
251,31
277,31
574,31
755,34
318,35
287,33
730,33
356,32
662,33
804,35
238,34
406,34
323,33
372,33
405,34
584,34
266,36
279,34
475,34
219,32
222,33
347,34
387,35
570,33
382,32
357,31
845,31
403,31
263,30
350,27
391,32
497,32
231,30
308,31
367,30
250,29
259,29
392,31
746,32
781,33
426,33
575,36
657,36
284,34
374,34
427,34
437,36
334,35
358,35
649,37
274,35
359,37
249,36
275,36
348,39
306,39
706,39
672,40
752,38
304,37
355,37
385,41
331,40
718,40
506,39
811,42
379,42
216,41
307,43
322,43
240,43
352,46
581,52
589,54
750,54
234,53
491,56
860,56
299,62
312,62
399,62
419,61
557,61
328,61
856,63
369,62
255,63
298,63
363,66
880,72
311,71
652,73
543,73
726,78
533,75
778,74
668,77
548,75
670,77
678,77
472,74
829,73
411,70
554,69
663,72
840,68
789,67
846,67
874,69
801,67
824,68
418,67
562,68
888,67
658,66
797,66
825,66
906,66
492,69
534,68
747,66
510,63
461,62
905,55
679,57
483,56
517,55
490,55
708,55
479,56
481,56
582,56
735,50
535,50
802,49
907,44
686,46
647,48
724,48
561,46
449,42
467,41
690,39
889,40
596,41
599,41
890,44
660,43
712,44
792,43
819,45
440,42
699,43
473,40
745,37
643,37
684,37
791,39
893,43
613,42
831,41
523,40
448,41
514,43
572,43
798,44
618,43
432,42
722,42
851,41
715,40
879,43
852,39
495,37
502,41
700,41
754,41
901,41
424,39
847,39
566,39
666,40
470,39
501,36
823,35
522,35
600,39
413,37
464,39
542,38
782,40
805,40
553,38
650,45
822,45
872,45
809,44
777,42
503,45
895,51
601,50
606,49
744,49
873,49
830,52
520,51
512,49
839,52
808,50
695,47
899,48
815,50
859,52
567,48
489,47
834,47
559,48
453,49
770,48
910,47
476,45
727,44
904,45
555,43
507,42
665,42
742,38
446,41
836,43
818,42
544,42
609,42
415,43
795,46
776,38
441,36
508,36
587,39
619,38
719,36
588,35
455,35
702,35
757,36
527,34
429,28
615,30
659,30
854,29
630,31
875,33
595,32
816,35
891,32
764,31
827,33
832,32
673,37
552,36
842,33
813,32
624,38
861,37
753,34
870,32
568,35
635,35
637,34
756,32
500,34
505,39
704,38
524,36
909,38
529,37
763,34
774,36
478,29
703,26
416,25
605,26
444,28
540,26
790,25
627,25
751,25
785,21
876,20
837,25
676,22
787,25
721,24
709,26
733,25
459,22
707,22
541,20
465,18
445,14
810,14
779,16
530,15
547,15
645,16
765,18
420,17
433,20
484,20
838,22
771,16
885,16
414,14
884,15
689,12
451,6
436,4
680,12
585,10
784,9
456,0
775,6
669,3
800,0
564,0
654,3
807,3
732,0
793,0
867,0
616,0
799,0
423,0
625,0
518,0
691,0
549,0
421,0
710,2
447,1
528,5
438,0
868,0
486,5
550,0
850,0
516,0
835,0
485,0
639,0
452,0
463,0
577,0
633,0
493,0
828,0
740,3
443,0
748,0
519,0
701,1
428,2
563,2
714,5
681,4
892,5
683,3
499,5
806,4
460,6
786,6
667,5
717,5
565,8
610,4
457,3
638,6
865,8
705,6
480,8
741,8
551,6
511,9
450,8
693,5
725,1
622,5
629,5
803,4
773,4
902,0
634,0
623,0
477,0
571,0
826,0
864,2
661,0
531,0
772,0
739,0
583,0
646,0
734,0
579,0
594,0
412,0
648,0
677,0
644,2
862,2
768,2
431,0
636,4
466,0
458,0
692,0
697,1
539,1
898,1
425,3
720,3
671,2
908,3
903,5
496,4
608,7
821,6
482,5
641,8
675,12
728,12
487,11
796,15
521,14
591,12
849,16
848,16
878,15
655,17
435,13
820,10
883,12
602,11
694,12
558,9
869,13
896,11
743,8
569,11
729,11
766,10
603,6
767,8
783,8
504,9
664,8
626,6
817,10
894,10
454,8
858,9
685,13
617,12
620,12
788,12
536,14
434,13
468,11
580,13
674,14
614,12
653,11
758,11
560,13
711,13
814,14
841,15
688,17
749,19
430,19
494,22
737,21
886,18
532,18
556,17
640,23
759,23
526,21
586,23
590,26
439,25
509,24
723,31
843,30
897,28
417,26
621,30
794,36
833,36
844,33
863,33
537,38
546,38
632,37
597,39
882,36
576,41
656,39
698,38
598,36
687,44
780,42
471,37
762,37
604,37