cost: 9493
33,0
9,0
18,0
95,0
90,0
65,0
78,0
51,0
57,0
19,0
67,0
88,0
92,0
13,0
16,0
8,0
83,0
76,0
3,0
17,0
25,0
80,0
54,0
44,0
114,0
40,0
56,0
32,0
96,0
118,0
159,0
74,0
147,0
4,0
31,0
28,0
39,0
149,0
36,0
99,0
6,0
41,0
126,1
23,0
30,0
61,0
94,0
100,0
12,0
27,0
49,0
10,0
14,0
89,0
154,2
43,0
7,0
72,0
84,0
87,0
37,0
69,0
155,0
21,0
63,0
86,0
129,0
64,0
71,0
175,2
34,0
79,0
66,0
173,0
172,0
35,0
97,0
176,0
146,0
158,0
42,0
93,0
82,0
59,0
1,0
52,0
53,0
26,0
127,2
91,1
178,0
121,0
73,0
68,0
206,0
2,0
22,0
11,0
70,1
133,1
103,1
161,1
167,1
50,1
168,2
45,1
48,1
60,0
145,3
85,0
107,0
123,0
122,0
47,0
125,0
190,2
191,2
46,6
75,6
102,6
109,6
128,6
58,5
15,8
138,8
162,8
150,5
20,6
77,5
166,5
81,3
208,4
38,3
98,3
156,2
29,3
55,3
24,2
194,2
5,0
62,2
119,0
182,0
124,0
135,0
165,3
170,0
179,0
180,1
204,1
139,1
169,1
210,1
185,2
106,0
241,0
321,1
326,2
177,4
137,3
401,3
153,1
184,4
215,4
293,4
171,3
246,3
301,3
142,1
193,5
195,5
212,5
163,5
283,5
294,4
346,5
207,8
200,7
258,7
224,7
264,9
393,9
394,9
181,8
353,8
160,9
113,8
262,9
130,8
198,10
302,10
164,9
327,8
375,8
117,7
276,7
376,7
111,6
197,6
303,6
233,5
270,4
345,6
151,5
174,5
213,5
316,5
378,8
383,8
108,7
141,7
267,7
281,6
116,5
134,5
148,11
199,10
205,10
305,10
285,11
319,11
317,11
381,11
131,10
214,10
187,11
232,11
237,10
407,10
143,8
365,8
105,6
220,6
112,5
140,5
335,5
144,8
203,9
400,9
247,8
115,7
230,7
268,11
388,11
120,10
343,10
291,8
344,8
396,8
282,9
183,8
373,10
371,9
104,7
349,9
377,9
325,7
395,9
157,10
110,11
386,11
152,8
244,8
254,8
314,8
337,10
362,11
132,11
101,10
136,10
877,10
260,9
201,8
211,8
361,8
271,6
628,6
188,8
189,9
398,9
538,9
340,8
186,8
292,8
731,8
209,8
192,7
235,7
404,7
642,7
866,8
315,7
370,8
202,6
313,7
380,7
196,6
278,8
286,9
320,9
410,9
225,8
329,9
402,9
612,11
227,10
280,10
336,11
289,10
332,11
573,11
578,15
855,14
290,13
257,12
261,12
887,12
229,12
339,12
462,11
631,11
269,13
515,13
738,13
226,12
309,12
338,14
442,13
812,13
853,13
300,13
409,13
474,12
354,11
422,11
651,12
761,12
248,11
324,11
545,11
769,11
243,10
295,10
881,11
223,10
592,10
252,9
236,8
342,9
593,10
713,11
217,10
253,11
525,11
607,11
297,10
736,10
364,10
408,10
871,10
218,11
341,11
351,10
288,10
389,10
498,12
256,11
273,12
857,12
265,12
368,12
221,11
360,10
513,12
272,12
488,12
716,12
469,11
760,11
239,13
242,13
682,14
696,13
228,12
330,11
611,11
900,11
310,10
397,12
384,11
245,14
296,14
390,14
333,16
366,16
251,15
277,16
574,16
755,16
318,19
287,17
730,19
356,19
662,21
804,21
238,20
406,20
323,19
372,24
405,20
584,20
266,19
279,17
475,19
219,17
222,18
347,18
387,18
570,18
382,17
357,16
845,16
403,15
263,15
350,14
391,14
497,17
231,15
308,15
367,14
250,13
259,17
392,17
746,18
781,18
426,17
575,19
657,19
284,17
374,17
427,18
437,18
334,17
358,17
649,19
274,18
359,18
249,17
275,17
348,17
306,16
706,16
672,18
752,16
304,15
355,16
385,15
331,14
718,16
506,15
811,16
379,15
216,14
307,18
322,18
240,17
352,17
581,17
589,21
750,21
234,20
491,25
860,25
299,24
312,24
399,24
419,26
557,32
328,28
856,28
369,27
255,26
298,26
363,32
880,33
311,35
652,34
543,34
726,33
533,35
778,34
668,35
548,36
670,34
678,35
472,32
829,35
411,32
554,31
663,31
840,26
789,25
846,28
874,28
801,30
824,29
418,27
562,27
888,26
658,24
797,24
825,28
906,25
492,25
534,24
747,25
510,22
461,21
905,14
679,10
483,9
517,11
490,13
708,13
479,10
481,11
582,10
735,4
535,6
802,5
907,0
686,0
647,0
724,0
561,0
449,0
467,0
690,0
889,0
596,0
599,0
890,0
660,0
712,2
792,0
819,0
440,0
699,0
473,0
745,0
643,0
684,0
791,0
893,0
613,0
831,0
523,1
448,3
514,3
572,3
798,3
618,0
432,0
722,1
851,0
715,0
879,0
852,0
495,0
502,0
700,0
754,0
901,0
424,0
847,0
566,0
666,0
470,0
501,0
823,0
522,0
600,0
413,0
464,0
542,0
782,0
805,0
553,0
650,1
822,1
872,3
809,2
777,0
503,0
895,1
601,0
606,2
744,2
873,4
830,3
520,2
512,0
839,2
808,0
695,0
899,0
815,0
859,0
567,0
489,0
834,0
559,0
453,0
770,0
910,0
476,0
727,0
904,0
555,0
507,0
665,0
742,0
446,0
836,0
818,0
544,0
609,0
415,0
795,6
776,0
441,0
508,0
587,0
619,0
719,0
588,0
455,0
702,0
757,0
527,0
429,0
615,0
659,0
854,0
630,0
875,0
595,0
816,3
891,0
764,0
827,0
832,0
673,0
552,0
842,0
813,0
624,0
861,0
753,0
870,0
568,0
635,0
637,0
756,0
500,0
505,0
704,0
524,0
909,0
529,0
763,0
774,0
478,0
703,0
416,0
605,0
444,0
540,0
790,0
627,0
751,0
785,0
876,0
837,0
676,0
787,0
721,0
709,0
733,0
459,0
707,0
541,0
465,0
445,0
810,0
779,0
530,0
547,0
645,0
765,0
420,0
433,0
484,0
838,0
771,0
885,0
414,0
884,0
689,0
451,0
436,0
680,0
585,0
784,0
456,0
775,0
669,0
800,0
564,0
654,0
807,0
732,0
793,0
867,0
616,0
799,0
423,0
625,0
518,0
691,0
549,0
421,0
710,0
447,0
528,0
438,0
868,0
486,0
550,0
850,0
516,0
835,0
485,0
639,0
452,0
463,0
577,0
633,0
493,0
828,0
740,0
443,0
748,0
519,0
701,0
428,0
563,0
714,0
681,0
892,0
683,0
499,0
806,0
460,0
786,0
667,0
717,0
565,0
610,0
457,0
638,0
865,0
705,0
480,0
741,0
551,0
511,0
450,0
693,0
725,0
622,0
629,0
803,0
773,0
902,0
634,0
623,0
477,0
571,0
826,0
864,0
661,0
531,0
772,0
739,0
583,0
646,0
734,0
579,0
594,0
412,0
648,0
677,0
644,0
862,0
768,0
431,0
636,0
466,0
458,0
692,0
697,0
539,0
898,0
425,0
720,0
671,0
908,0
903,0
496,0
608,0
821,0
482,0
641,0
675,0
728,2
487,1
796,1
521,2
591,1
849,2
848,3
878,2
655,0
435,0
820,0
883,0
602,0
694,0
558,0
869,0
896,0
743,0
569,0
729,0
766,0
603,0
767,0
783,0
504,0
664,0
626,0
817,0
894,0
454,0
858,0
685,0
617,0
620,0
788,0
536,0
434,0
468,0
580,0
674,0
614,0
653,0
758,0
560,0
711,0
814,0
841,0
688,0
749,1
430,6
494,6
737,5
886,0
532,0
556,0
640,0
759,2
526,0
586,1
590,3
439,2
509,1
723,3
843,2
897,2
417,0
621,0
794,0
833,0
844,0
863,1
537,1
546,1
632,2
597,0
882,0
576,0
656,0
698,0
598,0
687,0
780,0
471,0
762,0
604,0