cost: 8498
33,0
9,0
18,0
95,0
90,0
65,0
78,0
51,0
57,0
19,0
67,0
88,0
92,0
13,0
16,0
8,0
83,0
76,0
3,0
17,0
25,0
80,0
54,0
44,0
114,0
40,0
56,0
32,0
96,0
118,0
159,0
74,0
147,0
4,0
31,0
28,1
39,0
149,1
36,0
99,0
6,1
41,1
126,1
23,0
30,0
61,1
94,0
100,1
12,0
27,2
49,2
10,0
14,0
89,0
154,0
43,0
7,0
72,0
84,0
87,0
37,0
69,0
155,0
21,0
63,0
86,0
129,0
64,0
71,2
175,2
34,1
79,1
66,0
173,0
172,0
35,0
97,1
176,2
146,1
158,0
42,0
93,0
82,0
59,0
1,0
52,1
53,1
26,2
127,2
91,3
178,2
121,0
73,0
68,0
206,1
2,1
22,1
11,1
70,2
133,2
103,1
161,1
167,1
50,0
168,0
45,2
48,4
60,3
145,3
85,0
107,0
123,0
122,1
47,0
125,1
190,1
191,2
46,1
75,1
102,1
109,6
128,6
58,5
15,4
138,4
162,4
150,0
20,3
77,3
166,3
81,2
208,2
38,1
98,1
156,0
29,0
55,1
24,0
194,2
5,0
62,0
119,0
182,0
124,0
135,0
165,0
170,0
179,0
180,0
204,1
139,1
169,2
210,3
185,2
106,0
241,1
321,1
326,1
177,0
137,0
401,2
153,1
184,1
215,1
293,0
171,2
246,2
301,2
142,1
193,2
195,2
212,4
163,3
283,4
294,4
346,6
207,5
200,4
258,4
224,3
264,4
393,8
394,7
181,6
353,7
160,6
113,6
262,5
130,4
198,6
302,8
164,8
327,7
375,7
117,6
276,6
376,7
111,6
197,6
303,6
233,5
270,4
345,2
151,1
174,1
213,1
316,4
378,5
383,5
108,5
141,5
267,7
281,6
116,5
134,5
148,5
199,4
205,7
305,7
285,9
319,11
317,10
381,10
131,8
214,8
187,7
232,6
237,5
407,4
143,2
365,2
105,5
220,6
112,5
140,5
335,5
144,4
203,4
400,6
247,5
115,4
230,6
268,6
388,7
120,8
343,8
291,6
344,6
396,8
282,7
183,6
373,7
371,9
104,7
349,7
377,7
325,5
395,5
157,4
110,3
386,8
152,6
244,6
254,6
314,6
337,7
362,7
132,7
101,8
136,8
877,8
260,8
201,8
211,8
361,8
271,6
628,6
188,5
189,7
398,7
538,7
340,6
186,6
292,6
731,7
209,6
192,5
235,5
404,6
642,6
866,6
315,6
370,6
202,5
313,5
380,5
196,5
278,5
286,6
320,7
410,8
225,7
329,7
402,9
612,9
227,8
280,8
336,9
289,9
332,9
573,10
578,10
855,12
290,12
257,11
261,10
887,9
229,10
339,11
462,10
631,11
269,10
515,10
738,10
226,9
309,12
338,12
442,11
812,11
853,11
300,10
409,10
474,11
354,10
422,10
651,10
761,9
248,8
324,8
545,9
769,9
243,9
295,10
881,11
223,10
592,10
252,10
236,8
342,8
593,9
713,9
217,8
253,9
525,9
607,9
297,9
736,9
364,8
408,8
871,8
218,9
341,9
351,8
288,8
389,9
498,10
256,9
273,10
857,11
265,10
368,10
221,9
360,10
513,10
272,10
488,10
716,10
469,10
760,10
239,9
242,9
682,10
696,11
228,10
330,9
611,9
900,9
310,9
397,10
384,10
245,9
296,10
390,10
333,9
366,9
251,12
277,12
574,14
755,16
318,15
287,13
730,15
356,14
662,15
804,15
238,14
406,16
323,15
372,16
405,15
584,15
266,16
279,14
475,14
219,12
222,12
347,14
387,15
570,13
382,12
357,11
845,11
403,9
263,11
350,10
391,10
497,10
231,8
308,8
367,7
250,6
259,10
392,10
746,10
781,10
426,12
575,13
657,13
284,11
374,11
427,13
437,14
334,13
358,13
649,13
274,14
359,14
249,13
275,13
348,13
306,12
706,13
672,11
752,10
304,9
355,9
385,9
331,8
718,8
506,11
811,11
379,10
216,9
307,9
322,9
240,8
352,8
581,11
589,11
750,11
234,12
491,12
860,16
299,14
312,14
399,14
419,13
557,17
328,13
856,13
369,14
255,13
298,13
363,17
880,26
311,25
652,24
543,27
726,26
533,25
778,28
668,27
548,26
670,24
678,27
472,24
829,23
411,21
554,21
663,23
840,18
789,17
846,20
874,20
801,18
824,18
418,21
562,21
888,20
658,17
797,16
825,18
906,19
492,18
534,17
747,16
510,14
461,13
905,7
679,6
483,5
517,4
490,4
708,9
479,6
481,6
582,5
735,0
535,0
802,0
907,0
686,0
647,0
724,0
561,0
449,0
467,0
690,0
889,0
596,0
599,0
890,0
660,3
712,2
792,0
819,0
440,0
699,0
473,0
745,0
643,0
684,0
791,0
893,0
613,1
831,3
523,4
448,3
514,3
572,3
798,3
618,3
432,3
722,4
851,3
715,0
879,0
852,0
495,0
502,0
700,0
754,0
901,0
424,0
847,0
566,0
666,0
470,0
501,0
823,0
522,0
600,0
413,1
464,0
542,0
782,0
805,2
553,1
650,3
822,3
872,3
809,2
777,3
503,2
895,3
601,3
606,4
744,4
873,6
830,5
520,4
512,5
839,5
808,3
695,0
899,1
815,0
859,4
567,3
489,0
834,0
559,0
453,0
770,0
910,0
476,0
727,0
904,0
555,0
507,0
665,0
742,0
446,0
836,0
818,0
544,0
609,0
415,8
795,8
776,0
441,0
508,0
587,0
619,0
719,0
588,0
455,0
702,0
757,0
527,0
429,0
615,0
659,0
854,0
630,0
875,0
595,3
816,3
891,0
764,0
827,0
832,0
673,0
552,0
842,0
813,0
624,0
861,0
753,0
870,0
568,0
635,0
637,0
756,0
500,0
505,0
704,0
524,0
909,0
529,0
763,0
774,0
478,0
703,0
416,0
605,0
444,0
540,0
790,0
627,0
751,0
785,0
876,0
837,0
676,0
787,0
721,0
709,0
733,0
459,0
707,0
541,0
465,0
445,0
810,0
779,0
530,0
547,0
645,0
765,0
420,0
433,0
484,0
838,0
771,0
885,0
414,0
884,0
689,0
451,0
436,0
680,0
585,0
784,0
456,0
775,0
669,0
800,0
564,0
654,0
807,0
732,0
793,0
867,0
616,0
799,0
423,0
625,0
518,0
691,0
549,0
421,0
710,0
447,0
528,0
438,0
868,0
486,0
550,0
850,0
516,0
835,0
485,0
639,0
452,0
463,0
577,0
633,0
493,0
828,0
740,0
443,0
748,0
519,0
701,0
428,0
563,0
714,0
681,0
892,2
683,0
499,0
806,0
460,0
786,0
667,0
717,0
565,0
610,0
457,0
638,0
865,0
705,0
480,0
741,0
551,0
511,0
450,0
693,0
725,0
622,0
629,0
803,0
773,0
902,0
634,0
623,0
477,0
571,0
826,0
864,0
661,0
531,0
772,0
739,0
583,0
646,0
734,0
579,0
594,0
412,0
648,0
677,0
644,0
862,0
768,0
431,0
636,0
466,0
458,0
692,0
697,0
539,0
898,0
425,0
720,0
671,0
908,0
903,0
496,0
608,0
821,0
482,0
641,0
675,2
728,2
487,1
796,4
521,4
591,2
849,4
848,3
878,6
655,4
435,0
820,0
883,0
602,0
694,0
558,0
869,0
896,0
743,0
569,0
729,0
766,0
603,0
767,0
783,0
504,0
664,0
626,0
817,0
894,0
454,0
858,0
685,0
617,0
620,0
788,0
536,0
434,0
468,0
580,0
674,0
614,0
653,0
758,0
560,0
711,0
814,0
841,0
688,1
749,7
430,6
494,6
737,5
886,0
532,0
556,2
640,2
759,3
526,3
586,3
590,3
439,4
509,5
723,5
843,5
897,3
417,4
621,4
794,4
833,4
844,4
863,4
537,6
546,6
632,5
597,3
882,3
576,0
656,0
698,0
598,0
687,0
780,0
471,0
762,0
604,0