cost: 7390
33,0
9,0
18,0
95,0
90,0
65,0
78,0
51,0
57,0
19,0
67,0
88,0
92,0
13,0
16,0
8,0
83,0
76,0
3,0
17,0
25,0
80,0
54,0
44,0
114,0
40,0
56,0
32,0
96,0
118,0
159,0
74,1
147,1
4,0
31,2
28,2
39,1
149,3
36,2
99,2
6,3
41,3
126,4
23,3
30,3
61,4
94,3
100,3
12,4
27,4
49,4
10,3
14,6
89,6
154,6
43,4
7,3
72,5
84,5
87,5
37,4
69,5
155,4
21,3
63,3
86,4
129,6
64,6
71,6
175,6
34,5
79,6
66,5
173,7
172,7
35,6
97,6
176,6
146,7
158,6
42,6
93,8
82,7
59,6
1,7
52,8
53,9
26,9
127,10
91,9
178,9
121,7
73,6
68,7
206,7
2,8
22,9
11,9
70,9
133,9
103,9
161,9
167,10
50,9
168,11
45,10
48,11
60,10
145,10
85,9
107,9
123,9
122,10
47,11
125,13
190,13
191,14
46,14
75,16
102,16
109,19
128,19
58,19
15,18
138,21
162,21
150,18
20,17
77,16
166,18
81,16
208,16
38,15
98,15
156,16
29,15
55,15
24,14
194,15
5,13
62,15
119,13
182,13
124,12
135,12
165,14
170,12
179,12
180,13
204,13
139,13
169,13
210,12
185,11
106,9
241,10
321,10
326,10
177,9
137,11
401,11
153,10
184,10
215,10
293,11
171,11
246,13
301,14
142,12
193,15
195,16
212,16
163,16
283,16
294,16
346,18
207,17
200,17
258,18
224,17
264,17
393,17
394,17
181,18
353,18
160,18
113,17
262,15
130,15
198,18
302,18
164,17
327,17
375,17
117,17
276,20
376,20
111,19
197,19
303,19
233,20
270,19
345,17
151,16
174,17
213,18
316,18
378,18
383,20
108,19
141,20
267,20
281,20
116,21
134,21
148,22
199,21
205,21
305,22
285,21
319,23
317,24
381,26
131,24
214,24
187,23
232,22
237,21
407,20
143,23
365,23
105,21
220,21
112,20
140,20
335,21
144,21
203,23
400,23
247,22
115,22
230,22
268,24
388,24
120,24
343,24
291,23
344,24
396,24
282,24
183,24
373,24
371,23
104,21
349,21
377,21
325,21
395,22
157,22
110,21
386,22
152,20
244,20
254,21
314,21
337,20
362,20
132,21
101,21
136,23
877,22
260,22
201,21
211,21
361,22
271,21
628,21
188,20
189,20
398,23
538,23
340,22
186,21
292,21
731,21
209,23
192,22
235,22
404,22
642,23
866,23
315,23
370,24
202,23
313,25
380,25
196,24
278,24
286,25
320,25
410,26
225,25
329,26
402,26
612,28
227,27
280,28
336,30
289,29
332,31
573,32
578,32
855,31
290,30
257,31
261,31
887,32
229,31
339,31
462,30
631,30
269,29
515,29
738,32
226,31
309,31
338,31
442,31
812,31
853,31
300,31
409,31
474,30
354,30
422,30
651,29
761,29
248,28
324,28
545,28
769,31
243,31
295,31
881,31
223,30
592,30
252,31
236,29
342,33
593,33
713,33
217,32
253,32
525,32
607,32
297,31
736,31
364,31
408,33
871,33
218,34
341,34
351,33
288,32
389,34
498,34
256,33
273,33
857,34
265,34
368,34
221,35
360,38
513,38
272,37
488,37
716,39
469,38
760,38
239,37
242,37
682,40
696,39
228,38
330,39
611,39
900,39
310,39
397,39
384,40
245,39
296,39
390,39
333,40
366,42
251,41
277,43
574,43
755,43
318,42
287,41
730,44
356,43
662,43
804,44
238,43
406,43
323,43
372,43
405,39
584,39
266,41
279,40
475,44
219,42
222,42
347,43
387,43
570,42
382,41
357,41
845,41
403,40
263,39
350,37
391,38
497,38
231,39
308,39
367,38
250,37
259,39
392,41
746,41
781,41
426,42
575,45
657,45
284,43
374,47
427,47
437,47
334,46
358,46
649,52
274,50
359,50
249,50
275,52
348,52
306,54
706,55
672,57
752,54
304,56
355,56
385,55
331,56
718,56
506,55
811,60
379,59
216,58
307,59
322,59
240,65
352,65
581,69
589,69
750,70
234,74
491,74
860,74
299,73
312,79
399,79
419,78
557,81
328,77
856,84
369,83
255,82
298,93
363,93
880,93
311,93
652,96
543,99
726,102
533,104
778,103
668,102
548,100
670,103
678,103
472,100
829,99
411,97
554,100
663,100
840,95
789,94
846,95
874,98
801,96
824,98
418,96
562,97
888,96
658,96
797,99
825,99
906,96
492,95
534,97
747,98
510,95
461,94
905,87
679,85
483,88
517,87
490,87
708,87
479,87
481,88
582,87
735,82
535,82
802,82
907,76
686,77
647,77
724,79
561,78
449,71
467,71
690,70
889,72
596,72
599,72
890,74
660,76
712,75
792,73
819,77
440,74
699,77
473,71
745,67
643,71
684,71
791,71
893,73
613,72
831,74
523,75
448,74
514,74
572,74
798,76
618,75
432,79
722,77
851,76
715,73
879,73
852,73
495,75
502,74
700,74
754,74
901,71
424,73
847,73
566,74
666,71
470,70
501,70
823,69
522,71
600,74
413,72
464,71
542,70
782,74
805,79
553,77
650,77
822,77
872,77
809,80
777,79
503,79
895,79
601,81
606,80
744,83
873,83
830,82
520,82
512,82
839,82
808,83
695,80
899,80
815,82
859,85
567,81
489,78
834,80
559,79
453,78
770,79
910,78
476,76
727,75
904,74
555,75
507,73
665,73
742,70
446,72
836,75
818,74
544,73
609,74
415,78
795,78
776,70
441,68
508,70
587,70
619,69
719,67
588,69
455,69
702,67
757,67
527,65
429,69
615,69
659,69
854,68
630,67
875,71
595,71
816,72
891,69
764,68
827,70
832,70
673,69
552,69
842,66
813,69
624,68
861,68
753,65
870,68
568,67
635,66
637,65
756,63
500,66
505,66
704,65
524,63
909,65
529,65
763,62
774,61
478,54
703,53
416,51
605,53
444,51
540,49
790,50
627,45
751,45
785,41
876,40
837,45
676,42
787,42
721,43
709,45
733,44
459,45
707,44
541,36
465,39
445,35
810,35
779,32
530,30
547,35
645,36
765,35
420,34
433,32
484,44
838,40
771,34
885,34
414,32
884,35
689,30
451,24
436,20
680,19
585,21
784,20
456,11
775,15
669,12
800,13
564,12
654,12
807,12
732,5
793,4
867,3
616,3
799,0
423,0
625,0
518,0
691,0
549,0
421,0
710,0
447,0
528,0
438,0
868,0
486,0
550,0
850,0
516,0
835,0
485,0
639,0
452,0
463,0
577,0
633,0
493,0
828,0
740,0
443,0
748,0
519,0
701,0
428,0
563,0
714,2
681,3
892,2
683,0
499,0
806,0
460,0
786,1
667,0
717,1
565,4
610,0
457,0
638,0
865,0
705,0
480,0
741,0
551,0
511,0
450,0
693,0
725,0
622,0
629,0
803,0
773,0
902,0
634,0
623,0
477,0
571,0
826,0
864,0
661,0
531,0
772,0
739,0
583,0
646,0
734,0
579,0
594,0
412,0
648,0
677,0
644,0
862,2
768,0
431,0
636,0
466,0
458,0
692,0
697,0
539,0
898,1
425,0
720,3
671,0
908,2
903,1
496,1
608,3
821,2
482,3
641,2
675,4
728,5
487,7
796,7
521,10
591,8
849,8
848,11
878,10
655,8
435,7
820,2
883,2
602,5
694,4
558,1
869,0
896,0
743,0
569,0
729,0
766,0
603,0
767,0
783,0
504,0
664,0
626,0
817,0
894,2
454,0
858,0
685,0
617,0
620,0
788,4
536,0
434,0
468,0
580,0
674,0
614,0
653,0
758,0
560,0
711,0
814,0
841,2
688,7
749,7
430,6
494,6
737,7
886,5
532,3
556,3
640,5
759,5
526,5
586,8
590,8
439,7
509,9
723,9
843,9
897,8
417,8
621,11
794,10
833,10
844,10
863,10
537,11
546,12
632,13
597,11
882,10
576,7
656,10
698,9
598,7
687,10
780,8
471,3
762,4
604,5