cost: 8692
33,0
9,0
18,0
95,0
90,0
65,0
78,0
51,0
57,0
19,0
67,0
88,0
92,0
13,0
16,0
8,0
83,0
76,0
3,0
17,0
25,0
80,0
54,0
44,0
114,0
40,0
56,0
32,0
96,0
118,0
159,0
74,0
147,0
4,0
31,0
28,0
39,0
149,0
36,0
99,0
6,0
41,0
126,1
23,0
30,0
61,0
94,0
100,0
12,0
27,0
49,0
10,0
14,0
89,0
154,2
43,0
7,0
72,0
84,0
87,0
37,0
69,0
155,0
21,0
63,0
86,0
129,0
64,0
71,0
175,2
34,0
79,0
66,0
173,0
172,0
35,0
97,0
176,1
146,1
158,0
42,0
93,0
82,0
59,0
1,0
52,1
53,1
26,0
127,2
91,1
178,2
121,0
73,0
68,0
206,0
2,1
22,1
11,1
70,1
133,2
103,1
161,1
167,2
50,1
168,2
45,2
48,1
60,3
145,3
85,0
107,0
123,0
122,0
47,0
125,0
190,2
191,4
46,3
75,3
102,6
109,6
128,6
58,5
15,4
138,5
162,8
150,4
20,4
77,5
166,5
81,3
208,3
38,2
98,2
156,2
29,1
55,3
24,2
194,2
5,0
62,0
119,0
182,0
124,0
135,0
165,0
170,0
179,0
180,1
204,2
139,1
169,1
210,1
185,2
106,0
241,0
321,1
326,2
177,4
137,3
401,4
153,2
184,4
215,4
293,4
171,6
246,7
301,7
142,5
193,5
195,5
212,5
163,7
283,8
294,9
346,9
207,8
200,11
258,11
224,10
264,11
393,11
394,12
181,11
353,13
160,14
113,13
262,11
130,10
198,10
302,11
164,10
327,10
375,10
117,11
276,11
376,12
111,11
197,13
303,13
233,13
270,12
345,11
151,10
174,10
213,11
316,12
378,12
383,12
108,11
141,11
267,15
281,14
116,14
134,14
148,15
199,14
205,14
305,16
285,17
319,17
317,16
381,16
131,16
214,16
187,15
232,15
237,14
407,13
143,11
365,14
105,14
220,14
112,13
140,13
335,13
144,14
203,14
400,14
247,14
115,13
230,16
268,16
388,16
120,15
343,15
291,15
344,15
396,15
282,16
183,15
373,15
371,14
104,12
349,15
377,16
325,14
395,14
157,15
110,15
386,16
152,13
244,14
254,14
314,14
337,16
362,16
132,15
101,14
136,15
877,15
260,15
201,14
211,14
361,15
271,15
628,15
188,14
189,15
398,16
538,16
340,15
186,15
292,15
731,16
209,16
192,15
235,15
404,15
642,16
866,17
315,16
370,16
202,15
313,16
380,17
196,17
278,17
286,18
320,19
410,19
225,18
329,19
402,20
612,20
227,20
280,20
336,23
289,25
332,25
573,25
578,25
855,25
290,24
257,24
261,24
887,23
229,23
339,24
462,23
631,24
269,23
515,24
738,24
226,24
309,24
338,25
442,25
812,25
853,25
300,25
409,25
474,24
354,23
422,23
651,23
761,23
248,22
324,23
545,23
769,24
243,23
295,24
881,24
223,24
592,25
252,25
236,23
342,23
593,23
713,23
217,24
253,24
525,24
607,24
297,23
736,23
364,24
408,24
871,25
218,24
341,24
351,23
288,27
389,27
498,27
256,26
273,26
857,26
265,25
368,25
221,27
360,26
513,28
272,27
488,29
716,29
469,29
760,29
239,29
242,29
682,31
696,30
228,29
330,29
611,29
900,29
310,31
397,31
384,30
245,29
296,31
390,31
333,30
366,31
251,31
277,31
574,31
755,31
318,32
287,31
730,33
356,32
662,32
804,32
238,32
406,34
323,33
372,33
405,32
584,32
266,31
279,29
475,30
219,29
222,30
347,30
387,32
570,31
382,30
357,30
845,32
403,30
263,29
350,26
391,26
497,26
231,26
308,26
367,25
250,24
259,28
392,28
746,28
781,28
426,28
575,28
657,29
284,27
374,29
427,29
437,30
334,29
358,30
649,30
274,31
359,31
249,30
275,31
348,31
306,30
706,33
672,33
752,30
304,32
355,32
385,31
331,30
718,30
506,33
811,33
379,33
216,32
307,37
322,37
240,36
352,36
581,36
589,36
750,40
234,41
491,42
860,42
299,40
312,43
399,44
419,46
557,46
328,42
856,42
369,42
255,42
298,44
363,47
880,47
311,46
652,53
543,52
726,51
533,48
778,47
668,50
548,49
670,47
678,47
472,45
829,44
411,41
554,44
663,44
840,39
789,38
846,38
874,39
801,41
824,40
418,38
562,38
888,39
658,36
797,38
825,38
906,42
492,41
534,40
747,38
510,35
461,34
905,27
679,27
483,26
517,25
490,24
708,31
479,28
481,28
582,27
735,21
535,18
802,20
907,16
686,15
647,14
724,14
561,16
449,9
467,8
690,7
889,10
596,8
599,8
890,8
660,7
712,12
792,10
819,9
440,6
699,6
473,4
745,1
643,1
684,1
791,4
893,4
613,7
831,6
523,4
448,3
514,6
572,6
798,10
618,7
432,6
722,4
851,3
715,4
879,4
852,2
495,0
502,0
700,3
754,3
901,0
424,0
847,0
566,0
666,0
470,0
501,0
823,0
522,0
600,0
413,1
464,0
542,0
782,0
805,2
553,1
650,3
822,3
872,3
809,2
777,3
503,2
895,3
601,3
606,4
744,4
873,6
830,5
520,4
512,5
839,5
808,3
695,0
899,1
815,0
859,4
567,3
489,0
834,0
559,0
453,0
770,0
910,0
476,0
727,0
904,0
555,0
507,0
665,0
742,0
446,0
836,0
818,0
544,0
609,0
415,8
795,8
776,0
441,0
508,0
587,0
619,0
719,0
588,0
455,0
702,0
757,0
527,0
429,0
615,0
659,0
854,0
630,0
875,0
595,3
816,3
891,0
764,0
827,0
832,0
673,0
552,0
842,0
813,0
624,0
861,0
753,0
870,0
568,0
635,0
637,0
756,0
500,0
505,0
704,0
524,0
909,0
529,0
763,0
774,0
478,0
703,0
416,0
605,0
444,0
540,0
790,0
627,0
751,0
785,0
876,0
837,0
676,0
787,0
721,0
709,0
733,0
459,0
707,0
541,0
465,0
445,0
810,0
779,0
530,0
547,0
645,0
765,0
420,0
433,0
484,0
838,0
771,0
885,0
414,0
884,0
689,0
451,0
436,0
680,0
585,0
784,0
456,0
775,0
669,0
800,0
564,0
654,0
807,0
732,0
793,0
867,0
616,0
799,0
423,0
625,0
518,0
691,0
549,0
421,0
710,0
447,0
528,0
438,0
868,0
486,0
550,0
850,0
516,0
835,0
485,0
639,0
452,0
463,0
577,0
633,0
493,0
828,0
740,0
443,0
748,0
519,0
701,0
428,0
563,0
714,0
681,0
892,2
683,0
499,0
806,0
460,0
786,0
667,0
717,0
565,0
610,0
457,0
638,0
865,0
705,0
480,0
741,0
551,0
511,0
450,0
693,0
725,0
622,0
629,0
803,0
773,0
902,0
634,0
623,0
477,0
571,0
826,0
864,0
661,0
531,0
772,0
739,0
583,0
646,0
734,0
579,0
594,0
412,0
648,0
677,0
644,0
862,0
768,0
431,0
636,0
466,0
458,0
692,0
697,0
539,0
898,0
425,0
720,0
671,0
908,0
903,0
496,0
608,0
821,0
482,0
641,0
675,2
728,2
487,1
796,4
521,4
591,2
849,4
848,3
878,6
655,4
435,0
820,0
883,0
602,0
694,0
558,0
869,0
896,0
743,0
569,0
729,0
766,0
603,0
767,0
783,0
504,0
664,0
626,0
817,0
894,0
454,0
858,0
685,0
617,0
620,0
788,0
536,0
434,0
468,0
580,0
674,0
614,0
653,0
758,0
560,0
711,0
814,0
841,0
688,1
749,7
430,6
494,6
737,5
886,0
532,0
556,2
640,2
759,3
526,3
586,3
590,3
439,4
509,5
723,5
843,5
897,3
417,4
621,4
794,4
833,4
844,4
863,4
537,6
546,6
632,5
597,3
882,3
576,0
656,0
698,0
598,0
687,0
780,0
471,0
762,0
604,0