cost: 8485
33,0
9,0
18,0
95,0
90,0
65,0
78,0
51,0
57,0
19,0
67,0
88,0
92,0
13,0
16,0
8,0
83,0
76,0
3,0
17,0
25,0
80,0
54,0
44,0
114,0
40,0
56,0
32,0
96,0
118,0
159,0
74,0
147,0
4,0
31,0
28,0
39,0
149,0
36,0
99,0
6,0
41,0
126,1
23,0
30,0
61,0
94,0
100,0
12,0
27,0
49,0
10,0
14,0
89,0
154,2
43,0
7,0
72,0
84,0
87,0
37,0
69,0
155,0
21,0
63,0
86,0
129,0
64,0
71,0
175,2
34,0
79,0
66,0
173,0
172,0
35,0
97,0
176,1
146,1
158,0
42,0
93,0
82,0
59,0
1,0
52,1
53,1
26,1
127,2
91,1
178,2
121,0
73,0
68,0
206,0
2,1
22,1
11,1
70,1
133,2
103,1
161,1
167,1
50,0
168,2
45,1
48,1
60,3
145,3
85,0
107,0
123,0
122,0
47,0
125,0
190,2
191,2
46,6
75,6
102,6
109,6
128,6
58,5
15,8
138,8
162,8
150,5
20,6
77,5
166,5
81,3
208,4
38,3
98,3
156,2
29,3
55,3
24,2
194,2
5,2
62,2
119,1
182,1
124,0
135,3
165,3
170,0
179,0
180,1
204,1
139,2
169,4
210,3
185,2
106,1
241,1
321,2
326,2
177,3
137,3
401,4
153,4
184,4
215,4
293,3
171,2
246,2
301,6
142,5
193,5
195,5
212,5
163,5
283,5
294,4
346,9
207,8
200,7
258,8
224,7
264,9
393,9
394,10
181,9
353,10
160,9
113,8
262,6
130,9
198,9
302,10
164,9
327,8
375,8
117,7
276,7
376,7
111,9
197,9
303,9
233,8
270,8
345,6
151,8
174,8
213,8
316,8
378,8
383,8
108,7
141,7
267,11
281,10
116,9
134,11
148,11
199,10
205,12
305,12
285,12
319,13
317,12
381,14
131,12
214,12
187,12
232,11
237,11
407,10
143,10
365,10
105,9
220,9
112,9
140,9
335,10
144,10
203,10
400,12
247,10
115,9
230,9
268,11
388,12
120,12
343,12
291,10
344,10
396,13
282,12
183,11
373,10
371,9
104,7
349,7
377,7
325,11
395,13
157,12
110,11
386,11
152,8
244,8
254,10
314,10
337,10
362,12
132,11
101,11
136,11
877,10
260,9
201,8
211,10
361,10
271,9
628,9
188,9
189,10
398,10
538,11
340,10
186,9
292,9
731,9
209,9
192,8
235,9
404,9
642,10
866,10
315,10
370,11
202,9
313,10
380,10
196,10
278,10
286,10
320,11
410,11
225,11
329,11
402,11
612,12
227,11
280,13
336,13
289,12
332,16
573,16
578,17
855,16
290,16
257,15
261,17
887,16
229,15
339,15
462,15
631,15
269,15
515,17
738,17
226,16
309,16
338,16
442,15
812,15
853,16
300,16
409,16
474,15
354,15
422,15
651,14
761,13
248,12
324,14
545,14
769,14
243,14
295,15
881,15
223,14
592,15
252,15
236,14
342,14
593,15
713,15
217,14
253,14
525,14
607,15
297,15
736,15
364,14
408,14
871,15
218,14
341,14
351,14
288,14
389,14
498,14
256,16
273,16
857,16
265,15
368,15
221,14
360,13
513,15
272,14
488,14
716,14
469,14
760,16
239,15
242,15
682,16
696,19
228,18
330,17
611,17
900,17
310,16
397,16
384,15
245,14
296,14
390,14
333,20
366,20
251,20
277,19
574,19
755,19
318,18
287,21
730,21
356,20
662,19
804,21
238,20
406,20
323,23
372,23
405,19
584,20
266,19
279,17
475,17
219,18
222,18
347,20
387,20
570,19
382,19
357,18
845,18
403,18
263,20
350,17
391,17
497,17
231,15
308,15
367,17
250,16
259,17
392,17
746,17
781,19
426,19
575,20
657,20
284,18
374,18
427,18
437,18
334,19
358,19
649,19
274,22
359,22
249,21
275,21
348,21
306,20
706,21
672,20
752,17
304,16
355,17
385,16
331,15
718,15
506,17
811,20
379,19
216,18
307,18
322,18
240,17
352,19
581,21
589,21
750,23
234,25
491,25
860,25
299,27
312,27
399,27
419,26
557,32
328,28
856,28
369,27
255,26
298,29
363,32
880,32
311,35
652,34
543,34
726,33
533,30
778,34
668,33
548,31
670,34
678,34
472,31
829,31
411,33
554,32
663,32
840,27
789,26
846,26
874,26
801,30
824,29
418,27
562,27
888,26
658,23
797,26
825,28
906,25
492,25
534,24
747,25
510,22
461,21
905,14
679,10
483,9
517,14
490,13
708,13
479,11
481,11
582,10
735,10
535,7
802,6
907,2
686,1
647,0
724,2
561,7
449,0
467,0
690,0
889,0
596,0
599,0
890,0
660,3
712,2
792,0
819,0
440,0
699,0
473,0
745,0
643,0
684,0
791,0
893,0
613,1
831,3
523,4
448,3
514,3
572,3
798,3
618,3
432,3
722,4
851,3
715,0
879,0
852,0
495,0
502,0
700,0
754,0
901,0
424,0
847,0
566,0
666,0
470,0
501,0
823,0
522,0
600,0
413,1
464,0
542,0
782,0
805,2
553,1
650,3
822,3
872,3
809,2
777,3
503,2
895,3
601,3
606,4
744,4
873,6
830,5
520,4
512,5
839,5
808,3
695,0
899,1
815,0
859,4
567,3
489,0
834,0
559,0
453,0
770,0
910,0
476,0
727,0
904,0
555,0
507,0
665,0
742,0
446,0
836,0
818,0
544,0
609,0
415,8
795,8
776,0
441,0
508,0
587,0
619,0
719,0
588,0
455,0
702,0
757,0
527,0
429,0
615,0
659,0
854,0
630,0
875,0
595,3
816,3
891,0
764,0
827,0
832,0
673,0
552,0
842,0
813,0
624,0
861,0
753,0
870,0
568,0
635,0
637,0
756,0
500,0
505,0
704,0
524,0
909,0
529,0
763,0
774,0
478,0
703,0
416,0
605,0
444,0
540,0
790,0
627,0
751,0
785,0
876,0
837,0
676,0
787,0
721,0
709,0
733,0
459,0
707,0
541,0
465,0
445,0
810,0
779,0
530,0
547,0
645,0
765,0
420,0
433,0
484,0
838,0
771,0
885,0
414,0
884,0
689,0
451,0
436,0
680,0
585,0
784,0
456,0
775,0
669,0
800,0
564,0
654,0
807,0
732,0
793,0
867,0
616,0
799,0
423,0
625,0
518,0
691,0
549,0
421,0
710,0
447,0
528,0
438,0
868,0
486,0
550,0
850,0
516,0
835,0
485,0
639,0
452,0
463,0
577,0
633,0
493,0
828,0
740,0
443,0
748,0
519,0
701,0
428,0
563,0
714,0
681,0
892,2
683,0
499,0
806,0
460,0
786,0
667,0
717,0
565,0
610,0
457,0
638,0
865,0
705,0
480,0
741,0
551,0
511,0
450,0
693,0
725,0
622,0
629,0
803,0
773,0
902,0
634,0
623,0
477,0
571,0
826,0
864,0
661,0
531,0
772,0
739,0
583,0
646,0
734,0
579,0
594,0
412,0
648,0
677,0
644,0
862,0
768,0
431,0
636,0
466,0
458,0
692,0
697,0
539,0
898,0
425,0
720,0
671,0
908,0
903,0
496,0
608,0
821,0
482,0
641,0
675,2
728,2
487,1
796,4
521,4
591,2
849,4
848,3
878,6
655,4
435,0
820,0
883,0
602,0
694,0
558,0
869,0
896,0
743,0
569,0
729,0
766,0
603,0
767,0
783,0
504,0
664,0
626,0
817,0
894,0
454,0
858,0
685,0
617,0
620,0
788,0
536,0
434,0
468,0
580,0
674,0
614,0
653,0
758,0
560,0
711,0
814,0
841,0
688,1
749,7
430,6
494,6
737,5
886,0
532,0
556,2
640,2
759,3
526,3
586,3
590,3
439,4
509,5
723,5
843,5
897,3
417,4
621,4
794,4
833,4
844,4
863,4
537,6
546,6
632,5
597,3
882,3
576,0
656,0
698,0
598,0
687,0
780,0
471,0
762,0
604,0