cost: 8274
33,5
9,4
18,3
95,2
90,7
65,6
78,6
51,5
57,5
19,2
67,2
88,7
92,7
13,6
16,6
8,5
83,5
76,3
3,2
17,6
25,6
80,6
54,5
44,4
114,4
40,7
56,6
32,5
96,5
118,5
159,4
74,3
147,3
4,2
31,2
28,7
39,6
149,6
36,5
99,5
6,4
41,3
126,3
23,2
30,2
61,7
94,6
100,6
12,5
27,5
49,5
10,3
14,3
89,3
154,3
43,7
7,6
72,6
84,6
87,5
37,3
69,2
155,7
21,6
63,6
86,6
129,6
64,5
71,5
175,5
34,3
79,3
66,2
173,2
172,6
35,5
97,5
176,5
146,4
158,3
42,2
93,2
82,7
59,6
1,5
52,5
53,5
26,4
127,4
91,3
178,2
121,6
73,5
68,4
206,4
2,3
22,3
11,2
70,2
133,2
103,7
161,7
167,7
50,6
168,6
45,5
48,4
60,3
145,3
85,6
107,6
123,6
122,5
47,4
125,4
190,4
191,4
46,3
75,3
102,3
109,3
128,3
58,2
15,7
138,7
162,7
150,3
20,2
77,7
166,7
81,5
208,5
38,4
98,3
156,2
29,7
55,7
24,6
194,6
5,4
62,4
119,2
182,2
124,7
135,7
165,7
170,4
179,4
180,4
204,4
139,3
169,3
210,2
185,7
106,5
241,5
321,5
326,5
177,4
137,3
401,3
153,7
184,7
215,7
293,6
171,5
246,5
301,5
142,3
193,3
195,3
212,3
163,2
283,2
294,7
346,7
207,6
200,5
258,5
224,4
264,4
393,4
394,3
181,2
353,2
160,7
113,6
262,4
130,3
198,3
302,3
164,2
327,7
375,7
117,6
276,6
376,6
111,5
197,5
303,5
233,4
270,3
345,7
151,6
174,6
213,6
316,6
378,6
383,6
108,5
141,5
267,5
281,4
116,3
134,3
148,3
199,2
205,2
305,2
285,7
319,7
317,6
381,6
131,4
214,4
187,3
232,2
237,7
407,6
143,4
365,4
105,2
220,2
112,7
140,7
335,7
144,6
203,6
400,6
247,4
115,3
230,3
268,3
388,3
120,2
343,2
291,6
344,6
396,6
282,5
183,4
373,3
371,2
104,6
349,6
377,6
325,4
395,4
157,3
110,2
386,2
152,5
244,5
254,5
314,5
337,4
362,4
132,3
101,2
136,2
877,7
260,6
201,5
211,5
361,5
271,3
628,3
188,2
189,2
398,2
538,2
340,7
186,6
292,6
731,6
209,5
192,4
235,4
404,4
642,4
866,4
315,3
370,3
202,7
313,7
380,7
196,6
278,6
286,6
320,6
410,6
225,5
329,5
402,5
612,5
227,4
280,4
336,4
289,3
332,3
573,3
578,3
855,2
290,7
257,6
261,5
887,4
229,3
339,3
462,2
631,2
269,7
515,7
738,7
226,6
309,6
338,6
442,5
812,5
853,5
300,4
409,4
474,3
354,2
422,2
651,7
761,6
248,5
324,5
545,5
769,5
243,4
295,4
881,4
223,3
592,3
252,2
236,6
342,6
593,6
713,6
217,5
253,5
525,5
607,5
297,4
736,4
364,3
408,3
871,3
218,2
341,2
351,7
288,6
389,6
498,6
256,5
273,5
857,5
265,4
368,4
221,3
360,2
513,2
272,7
488,7
716,7
469,6
760,6
239,5
242,5
682,5
696,4
228,3
330,2
611,2
900,2
310,7
397,7
384,6
245,5
296,5
390,5
333,4
366,4
251,3
277,2
574,2
755,2
318,7
287,5
730,5
356,4
662,3
804,3
238,2
406,2
323,7
372,7
405,3
584,3
266,2
279,6
475,6
219,4
222,4
347,4
387,4
570,2
382,7
357,6
845,6
403,4
263,3
350,6
391,6
497,6
231,4
308,4
367,3
250,2
259,2
392,2
746,2
781,2
426,7
575,7
657,7
284,5
374,5
427,5
437,5
334,4
358,4
649,4
274,2
359,2
249,7
275,7
348,7
306,6
706,6
672,4
752,7
304,6
355,6
385,5
331,4
718,4
506,3
811,3
379,2
216,7
307,7
322,7
240,6
352,6
581,6
589,6
750,6
234,5
491,5
860,5
299,3
312,3
399,3
419,2
557,2
328,4
856,4
369,3
255,2
298,2
363,2
880,2
311,7
652,6
543,5
726,4
533,7
778,6
668,5
548,3
670,7
678,7
472,4
829,3
411,6
554,5
663,5
840,6
789,5
846,5
874,5
801,3
824,2
418,6
562,6
888,5
658,2
797,7
825,7
906,4
492,3
534,2
747,6
510,3
461,2
905,7
679,3
483,2
517,7
490,6
708,6
479,3
481,3
582,2
735,2
535,5
802,4
907,4
686,3
647,2
724,2
561,6
449,5
467,4
690,2
889,2
596,6
599,6
890,6
660,5
712,4
792,2
819,7
440,4
699,4
473,4
745,6
643,5
684,5
791,5
893,5
613,4
831,3
523,7
448,6
514,6
572,6
798,6
618,3
432,2
722,6
851,5
715,2
879,2
852,4
495,2
502,7
700,7
754,7
901,4
424,2
847,2
566,7
666,4
470,3
501,6
823,5
522,4
600,4
413,2
464,7
542,6
782,6
805,6
553,4
650,4
822,4
872,4
809,3
777,7
503,6
895,6
601,5
606,4
744,4
873,4
830,3
520,2
512,6
839,6
808,4
695,7
899,7
815,6
859,6
567,2
489,5
834,5
559,4
453,6
770,5
910,4
476,2
727,7
904,4
555,2
507,6
665,6
742,7
446,6
836,6
818,5
544,4
609,4
415,3
795,3
776,7
441,5
508,2
587,2
619,7
719,5
588,4
455,2
702,6
757,6
527,4
429,2
615,2
659,2
854,7
630,6
875,6
595,5
816,5
891,2
764,7
827,5
832,4
673,3
552,2
842,5
813,4
624,3
861,2
753,5
870,3
568,2
635,7
637,6
756,4
500,2
505,2
704,7
524,5
909,3
529,6
763,3
774,2
478,7
703,4
416,7
605,7
444,5
540,3
790,2
627,5
751,5
785,7
876,6
837,5
676,2
787,2
721,7
709,6
733,5
459,7
707,6
541,4
465,2
445,4
810,4
779,7
530,5
547,5
645,4
765,3
420,2
433,6
484,6
838,2
771,2
885,2
414,6
884,3
689,4
451,4
436,6
680,4
585,2
784,7
456,4
775,4
669,7
800,4
564,3
654,3
807,3
732,7
793,3
867,2
616,5
799,2
423,7
625,6
518,5
691,4
549,2
421,7
710,7
447,5
528,4
438,5
868,5
486,3
550,4
850,7
516,5
835,3
485,7
639,7
452,6
463,6
577,4
633,3
493,2
828,6
740,4
443,7
748,7
519,4
701,4
428,3
563,3
714,3
681,7
892,6
683,4
499,3
806,7
460,5
786,5
667,4
717,4
565,3
610,5
457,4
638,4
865,4
705,7
480,6
741,6
551,4
511,2
450,7
693,4
725,5
622,4
629,4
803,3
773,5
902,7
634,6
623,5
477,4
571,3
826,7
864,6
661,4
531,3
772,3
739,7
583,8
646,6
734,6
579,4
594,3
412,6
648,5
677,5
644,4
862,4
768,2
431,4
636,4
466,6
458,4
692,3
697,2
539,7
898,7
425,6
720,6
671,3
908,3
903,2
496,7
608,6
821,5
482,4
641,3
675,3
728,3
487,2
796,2
521,7
591,5
849,5
848,4
878,3
655,7
435,3
820,3
883,2
602,7
694,6
558,2
869,7
896,5
743,2
569,6
729,6
766,5
603,6
767,6
783,6
504,5
664,4
626,7
817,6
894,6
454,4
858,4
685,7
617,6
620,6
788,6
536,2
434,7
468,5
580,5
674,6
614,4
653,3
758,3
560,6
711,6
814,6
841,6
688,5
749,5
430,4
494,4
737,3
886,4
532,2
556,7
640,7
759,7
526,5
586,5
590,5
439,4
509,3
723,3
843,2
897,6
417,4
621,4
794,3
833,3
844,6
863,6
537,5
546,5
632,4
597,2
882,5
576,2
656,6
698,5
598,3
687,3
780,7
471,2
762,2
604,4