cost: 8462
33,4
9,3
18,2
95,6
90,5
65,4
78,4
51,3
57,3
19,5
67,5
88,4
92,4
13,3
16,3
8,2
83,2
76,5
3,4
17,2
25,2
80,2
54,6
44,5
114,5
40,2
56,6
32,5
96,5
118,5
159,4
74,3
147,3
4,2
31,2
28,6
39,5
149,5
36,4
99,4
6,3
41,2
126,2
23,6
30,6
61,5
94,4
100,4
12,3
27,3
49,3
10,6
14,6
89,6
154,6
43,4
7,3
72,3
84,3
87,2
37,5
69,4
155,3
21,2
63,2
86,2
129,2
64,6
71,6
175,6
34,4
79,4
66,3
173,3
172,6
35,5
97,5
176,5
146,4
158,3
42,2
93,2
82,6
59,5
1,4
52,4
53,4
26,3
127,3
91,2
178,6
121,4
73,3
68,2
206,2
2,6
22,6
11,5
70,5
133,5
103,4
161,4
167,4
50,3
168,3
45,2
48,6
60,5
145,5
85,2
107,2
123,2
122,6
47,5
125,5
190,5
191,5
46,4
75,4
102,4
109,4
128,4
58,3
15,2
138,2
162,2
150,3
20,2
77,6
166,6
81,4
208,4
38,3
98,2
156,6
29,5
55,5
24,4
194,4
5,2
62,2
119,5
182,5
124,4
135,4
165,4
170,6
179,6
180,6
204,6
139,5
169,5
210,4
185,3
106,6
241,6
321,6
326,6
177,5
137,4
401,4
153,2
184,2
215,2
293,6
171,5
246,5
301,5
142,3
193,3
195,3
212,3
163,2
283,2
294,6
346,6
207,5
200,4
258,4
224,3
264,3
393,3
394,2
181,6
353,6
160,5
113,4
262,2
130,6
198,6
302,6
164,5
327,4
375,4
117,3
276,3
376,3
111,2
197,2
303,2
233,6
270,5
345,3
151,2
174,2
213,2
316,2
378,2
383,2
108,6
141,6
267,6
281,5
116,4
134,4
148,4
199,3
205,3
305,3
285,2
319,2
317,6
381,6
131,4
214,4
187,3
232,2
237,6
407,5
143,3
365,3
105,6
220,6
112,5
140,5
335,5
144,4
203,4
400,4
247,2
115,6
230,6
268,6
388,6
120,5
343,5
291,3
344,3
396,3
282,2
183,6
373,5
371,4
104,2
349,2
377,2
325,5
395,5
157,4
110,3
386,3
152,5
244,5
254,5
314,5
337,4
362,4
132,3
101,2
136,2
877,6
260,5
201,4
211,4
361,4
271,2
628,2
188,6
189,6
398,6
538,6
340,5
186,4
292,4
731,4
209,3
192,2
235,2
404,2
642,2
866,2
315,6
370,6
202,4
313,4
380,4
196,3
278,3
286,3
320,3
410,3
225,2
329,2
402,2
612,2
227,6
280,6
336,6
289,5
332,5
573,5
578,5
855,4
290,3
257,2
261,6
887,5
229,4
339,4
462,3
631,3
269,2
515,2
738,2
226,6
309,6
338,6
442,5
812,5
853,5
300,4
409,4
474,3
354,2
422,2
651,6
761,5
248,4
324,4
545,4
769,4
243,3
295,3
881,3
223,2
592,2
252,6
236,4
342,4
593,4
713,4
217,3
253,3
525,3
607,3
297,2
736,2
364,6
408,6
871,6
218,5
341,5
351,4
288,3
389,3
498,3
256,2
273,2
857,2
265,6
368,6
221,5
360,4
513,4
272,3
488,3
716,3
469,2
760,2
239,6
242,6
682,6
696,5
228,4
330,3
611,3
900,3
310,2
397,2
384,6
245,5
296,5
390,5
333,4
366,4
251,3
277,2
574,2
755,2
318,6
287,4
730,4
356,3
662,2
804,2
238,6
406,6
323,5
372,5
405,6
584,6
266,5
279,3
475,3
219,6
222,6
347,6
387,6
570,4
382,3
357,2
845,2
403,5
263,4
350,6
391,6
497,6
231,4
308,4
367,3
250,2
259,2
392,2
746,2
781,2
426,6
575,6
657,6
284,4
374,4
427,4
437,4
334,3
358,3
649,3
274,6
359,6
249,5
275,5
348,5
306,4
706,4
672,2
752,4
304,3
355,3
385,2
331,6
718,6
506,5
811,5
379,4
216,3
307,3
322,3
240,2
352,2
581,2
589,2
750,2
234,6
491,6
860,6
299,4
312,4
399,4
419,3
557,3
328,4
856,4
369,3
255,2
298,2
363,2
880,2
311,6
652,5
543,4
726,3
533,5
778,4
668,3
548,6
670,4
678,4
472,6
829,5
411,2
554,6
663,6
840,6
789,5
846,5
874,5
801,3
824,2
418,5
562,5
888,4
658,6
797,5
825,5
906,2
492,6
534,5
747,3
510,5
461,4
905,2
679,3
483,2
517,6
490,5
708,5
479,2
481,2
582,6
735,5
535,2
802,6
907,5
686,4
647,3
724,3
561,6
449,4
467,3
690,6
889,6
596,4
599,4
890,4
660,3
712,2
792,5
819,4
440,6
699,6
473,5
745,6
643,5
684,5
791,5
893,5
613,4
831,3
523,6
448,5
514,5
572,5
798,5
618,2
432,6
722,4
851,3
715,5
879,5
852,6
495,4
502,3
700,3
754,3
901,5
424,3
847,3
566,2
666,4
470,3
501,5
823,4
522,3
600,3
413,6
464,5
542,4
782,4
805,4
553,2
650,2
822,2
872,2
809,6
777,4
503,3
895,3
601,2
606,6
744,6
873,6
830,5
520,4
512,2
839,2
808,5
695,2
899,2
815,6
859,6
567,2
489,4
834,4
559,3
453,4
770,3
910,2
476,5
727,4
904,6
555,4
507,2
665,2
742,2
446,6
836,6
818,5
544,4
609,4
415,3
795,3
776,5
441,3
508,5
587,5
619,4
719,2
588,6
455,4
702,2
757,2
527,5
429,2
615,2
659,2
854,6
630,5
875,5
595,4
816,4
891,6
764,5
827,3
832,2
673,6
552,5
842,2
813,6
624,5
861,4
753,6
870,4
568,3
635,2
637,6
756,4
500,2
505,2
704,6
524,4
909,2
529,4
763,6
774,5
478,3
703,5
416,2
605,2
444,5
540,3
790,2
627,3
751,3
785,4
876,3
837,2
676,4
787,4
721,3
709,2
733,6
459,2
707,6
541,3
465,6
445,2
810,2
779,4
530,2
547,2
645,6
765,5
420,4
433,2
484,2
838,3
771,2
885,2
414,5
884,2
689,2
451,6
436,2
680,5
585,3
784,2
456,3
775,3
669,5
800,2
564,6
654,6
807,6
732,3
793,4
867,3
616,5
799,2
423,6
625,5
518,4
691,3
549,6
421,5
710,5
447,3
528,2
438,2
868,2
486,5
550,5
850,2
516,5
835,3
485,6
639,5
452,4
463,4
577,2
633,6
493,5
828,3
740,6
443,3
748,3
519,5
701,5
428,4
563,4
714,4
681,2
892,6
683,4
499,3
806,6
460,4
786,4
667,3
717,3
565,2
610,3
457,2
638,2
865,2
705,4
480,3
741,3
551,6
511,4
450,3
693,5
725,5
622,4
629,4
803,3
773,4
902,5
634,4
623,2
477,6
571,5
826,3
864,2
661,5
531,3
772,3
739,6
583,4
646,4
734,4
579,2
594,6
412,3
648,2
677,2
644,6
862,6
768,4
431,5
636,5
466,6
458,4
692,3
697,2
539,6
898,6
425,5
720,5
671,2
908,2
903,6
496,5
608,4
821,3
482,2
641,6
675,6
728,6
487,5
796,5
521,4
591,2
849,2
848,6
878,5
655,3
435,4
820,3
883,2
602,6
694,5
558,6
869,5
896,3
743,5
569,3
729,3
766,2
603,2
767,2
783,2
504,6
664,5
626,2
817,6
894,6
454,4
858,4
685,6
617,5
620,5
788,5
536,6
434,5
468,3
580,3
674,3
614,6
653,5
758,5
560,2
711,2
814,2
841,2
688,6
749,6
430,5
494,5
737,4
886,4
532,2
556,6
640,6
759,6
526,4
586,4
590,4
439,3
509,2
723,2
843,6
897,4
417,2
621,2
794,6
833,6
844,3
863,3
537,2
546,2
632,6
597,4
882,6
576,3
656,6
698,5
598,3
687,3
780,6
471,6
762,6
604,2