cost: 6381
33,1
9,2
18,1
95,3
90,1
65,1
78,1
51,1
57,2
19,3
67,0
88,1
92,0
13,2
16,1
8,3
83,2
76,3
3,2
17,1
25,3
80,1
54,1
44,3
114,1
40,2
56,2
32,2
96,0
118,3
159,1
74,3
147,3
4,1
31,1
28,2
39,3
149,2
36,2
99,3
6,2
41,3
126,3
23,3
30,1
61,3
94,3
100,3
12,2
27,2
49,1
10,2
14,2
89,1
154,3
43,2
7,1
72,0
84,2
87,0
37,2
69,2
155,3
21,3
63,1
86,1
129,1
64,3
71,1
175,3
34,3
79,1
66,1
173,3
172,1
35,1
97,3
176,1
146,0
158,3
42,2
93,2
82,2
59,1
1,1
52,1
53,1
26,2
127,3
91,2
178,3
121,1
73,3
68,0
206,3
2,1
22,3
11,3
70,3
133,1
103,3
161,1
167,1
50,3
168,2
45,3
48,3
60,1
145,1
85,2
107,0
123,0
122,3
47,0
125,2
190,0
191,1
46,3
75,3
102,1
109,1
128,1
58,1
15,3
138,1
162,1
150,0
20,1
77,3
166,0
81,0
208,1
38,2
98,2
156,3
29,1
55,1
24,1
194,2
5,2
62,1
119,2
182,2
124,2
135,1
165,1
170,0
179,3
180,3
204,1
139,2
169,3
210,1
185,1
106,1
241,3
321,2
326,1
177,1
137,3
401,3
153,1
184,3
215,1
293,1
171,1
246,1
301,1
142,0
193,3
195,1
212,1
163,1
283,2
294,3
346,2
207,1
200,0
258,1
224,3
264,2
393,1
394,3
181,3
353,2
160,3
113,3
262,1
130,1
198,1
302,0
164,2
327,2
375,3
117,0
276,1
376,1
111,1
197,1
303,1
233,2
270,1
345,3
151,0
174,2
213,0
316,2
378,0
383,1
108,1
141,1
267,1
281,2
116,2
134,3
148,1
199,0
205,3
305,1
285,3
319,2
317,2
381,1
131,2
214,2
187,0
232,3
237,3
407,1
143,1
365,0
105,2
220,0
112,3
140,3
335,0
144,1
203,1
400,1
247,2
115,2
230,1
268,1
388,1
120,3
343,3
291,1
344,1
396,0
282,1
183,2
373,0
371,0
104,2
349,2
377,3
325,1
395,1
157,0
110,2
386,1
152,2
244,1
254,1
314,2
337,3
362,3
132,1
101,0
136,1
877,2
260,3
201,1
211,1
361,1
271,0
628,1
188,3
189,0
398,2
538,1
340,3
186,1
292,2
731,0
209,2
192,2
235,1
404,2
642,0
866,1
315,2
370,3
202,2
313,0
380,3
196,3
278,1
286,1
320,1
410,1
225,2
329,2
402,2
612,2
227,1
280,1
336,1
289,1
332,2
573,1
578,1
855,1
290,3
257,2
261,3
887,0
229,2
339,0
462,2
631,3
269,0
515,0
738,1
226,3
309,1
338,1
442,3
812,3
853,2
300,1
409,3
474,3
354,3
422,2
651,1
761,3
248,2
324,3
545,0
769,0
243,0
295,1
881,1
223,3
592,1
252,3
236,0
342,0
593,1
713,0
217,2
253,2
525,1
607,0
297,2
736,1
364,3
408,2
871,2
218,3
341,0
351,3
288,3
389,3
498,3
256,3
273,3
857,1
265,1
368,1
221,3
360,3
513,2
272,1
488,1
716,1
469,1
760,1
239,3
242,2
682,0
696,3
228,2
330,3
611,1
900,3
310,3
397,0
384,2
245,3
296,0
390,1
333,0
366,3
251,1
277,2
574,2
755,0
318,3
287,3
730,2
356,1
662,2
804,0
238,2
406,3
323,1
372,3
405,2
584,3
266,2
279,0
475,2
219,1
222,2
347,0
387,1
570,1
382,3
357,3
845,0
403,2
263,1
350,0
391,2
497,3
231,3
308,1
367,1
250,1
259,1
392,1
746,1
781,1
426,1
575,1
657,1
284,1
374,3
427,3
437,1
334,3
358,3
649,3
274,0
359,3
249,2
275,1
348,1
306,2
706,1
672,3
752,2
304,0
355,2
385,1
331,2
718,1
506,3
811,3
379,0
216,2
307,1
322,1
240,2
352,3
581,3
589,0
750,1
234,1
491,1
860,1
299,2
312,2
399,2
419,3
557,3
328,0
856,3
369,3
255,3
298,3
363,0
880,2
311,2
652,1
543,2
726,1
533,1
778,3
668,1
548,0
670,2
678,1
472,2
829,0
411,1
554,1
663,1
840,2
789,1
846,1
874,1
801,3
824,2
418,2
562,1
888,3
658,1
797,3
825,2
906,2
492,0
534,3
747,2
510,3
461,1
905,0
679,1
483,1
517,1
490,1
708,1
479,2
481,3
582,0
735,2
535,3
802,1
907,1
686,2
647,1
724,1
561,2
449,1
467,1
690,3
889,1
596,1
599,1
890,1
660,1
712,1
792,1
819,1
440,0
699,1
473,0
745,1
643,1
684,1
791,1
893,1
613,1
831,1
523,3
448,3
514,2
572,1
798,2
618,0
432,3
722,2
851,1
715,2
879,2
852,2
495,2
502,3
700,2
754,1
901,0
424,2
847,2
566,2
666,2
470,1
501,0
823,1
522,1
600,1
413,3
464,2
542,0
782,2
805,1
553,3
650,2
822,1
872,1
809,3
777,2
503,3
895,1
601,0
606,3
744,2
873,0
830,1
520,3
512,2
839,1
808,1
695,0
899,1
815,3
859,1
567,0
489,2
834,1
559,0
453,1
770,0
910,1
476,1
727,1
904,1
555,0
507,1
665,1
742,1
446,0
836,1
818,1
544,3
609,1
415,1
795,1
776,3
441,1
508,1
587,1
619,2
719,0
588,2
455,0
702,0
757,1
527,2
429,0
615,1
659,1
854,1
630,1
875,1
595,3
816,1
891,2
764,2
827,3
832,3
673,3
552,1
842,3
813,3
624,2
861,1
753,3
870,1
568,1
635,3
637,1
756,1
500,2
505,2
704,3
524,0
909,3
529,1
763,2
774,2
478,0
703,1
416,1
605,0
444,1
540,2
790,1
627,1
751,1
785,1
876,3
837,1
676,1
787,1
721,0
709,2
733,1
459,1
707,1
541,1
465,1
445,3
810,0
779,3
530,1
547,1
645,1
765,1
420,1
433,2
484,0
838,0
771,0
885,1
414,1
884,2
689,3
451,1
436,0
680,3
585,1
784,1
456,1
775,1
669,1
800,1
564,0
654,1
807,1
732,1
793,1
867,3
616,1
799,1
423,3
625,3
518,1
691,1
549,1
421,3
710,1
447,1
528,1
438,3
868,1
486,1
550,1
850,1
516,0
835,3
485,0
639,0
452,1
463,1
577,0
633,1
493,1
828,0
740,2
443,0
748,0
519,1
701,3
428,0
563,1
714,1
681,1
892,1
683,0
499,0
806,2
460,3
786,0
667,1
717,1
565,2
610,1
457,1
638,1
865,1
705,2
480,2
741,1
551,2
511,3
450,0
693,2
725,1
622,1
629,1
803,1
773,2
902,1
634,1
623,0
477,1
571,1
826,1
864,3
661,1
531,1
772,1
739,1
583,2
646,0
734,0
579,3
594,3
412,1
648,3
677,1
644,3
862,1
768,3
431,2
636,2
466,3
458,0
692,1
697,3
539,1
898,1
425,3
720,3
671,2
908,1
903,1
496,3
608,3
821,2
482,3
641,3
675,1
728,1
487,3
796,1
521,3
591,1
849,1
848,2
878,3
655,3
435,2
820,1
883,2
602,1
694,1
558,2
869,1
896,1
743,2
569,1
729,1
766,2
603,0
767,0
783,2
504,1
664,1
626,0
817,3
894,2
454,1
858,1
685,1
617,1
620,1
788,1
536,2
434,2
468,2
580,1
674,1
614,2
653,1
758,1
560,2
711,1
814,3
841,1
688,1
749,1
430,3
494,1
737,1
886,2
532,1
556,1
640,1
759,1
526,2
586,1
590,1
439,3
509,2
723,1
843,3
897,2
417,3
621,0
794,0
833,1
844,3
863,1
537,1
546,2
632,1
597,1
882,2
576,3
656,2
698,1
598,2
687,1
780,3
471,2
762,1
604,2