cost: 6438
33,1
9,2
18,1
95,1
90,2
65,1
78,1
51,1
57,1
19,1
67,0
88,1
92,1
13,2
16,2
8,1
83,1
76,1
3,0
17,0
25,2
80,0
54,0
44,2
114,2
40,1
56,0
32,1
96,1
118,1
159,2
74,2
147,2
4,1
31,1
28,1
39,2
149,2
36,1
99,0
6,0
41,2
126,2
23,2
30,1
61,1
94,2
100,2
12,1
27,2
49,1
10,1
14,2
89,0
154,2
43,1
7,0
72,1
84,1
87,1
37,1
69,2
155,2
21,1
63,1
86,1
129,1
64,2
71,1
175,1
34,2
79,0
66,0
173,2
172,2
35,0
97,2
176,1
146,1
158,2
42,1
93,1
82,1
59,1
1,0
52,1
53,1
26,1
127,1
91,2
178,2
121,1
73,2
68,0
206,2
2,1
22,1
11,0
70,2
133,1
103,2
161,2
167,1
50,2
168,2
45,0
48,1
60,2
145,1
85,0
107,2
123,1
122,0
47,1
125,1
190,1
191,1
46,2
75,1
102,1
109,1
128,1
58,2
15,1
138,2
162,1
150,1
20,0
77,2
166,1
81,2
208,0
38,1
98,1
156,2
29,1
55,2
24,0
194,1
5,1
62,1
119,1
182,1
124,1
135,1
165,1
170,1
179,1
180,1
204,2
139,2
169,1
210,1
185,1
106,0
241,1
321,1
326,1
177,2
137,0
401,1
153,2
184,2
215,1
293,0
171,1
246,1
301,1
142,2
193,0
195,1
212,1
163,2
283,1
294,2
346,1
207,0
200,1
258,1
224,1
264,1
393,1
394,2
181,2
353,2
160,1
113,1
262,1
130,2
198,2
302,0
164,1
327,0
375,1
117,0
276,1
376,1
111,2
197,1
303,1
233,1
270,1
345,2
151,0
174,1
213,0
316,2
378,1
383,1
108,2
141,2
267,1
281,0
116,1
134,1
148,1
199,2
205,1
305,2
285,2
319,1
317,1
381,1
131,1
214,1
187,2
232,2
237,1
407,2
143,1
365,0
105,0
220,0
112,1
140,2
335,2
144,1
203,1
400,1
247,2
115,2
230,1
268,1
388,1
120,2
343,1
291,2
344,0
396,1
282,0
183,0
373,1
371,0
104,1
349,0
377,1
325,1
395,1
157,0
110,1
386,1
152,0
244,0
254,2
314,2
337,2
362,1
132,0
101,1
136,1
877,2
260,1
201,1
211,0
361,1
271,2
628,0
188,2
189,1
398,1
538,1
340,2
186,2
292,0
731,2
209,1
192,1
235,2
404,1
642,1
866,1
315,1
370,0
202,0
313,1
380,0
196,1
278,1
286,1
320,1
410,1
225,1
329,2
402,2
612,0
227,0
280,1
336,1
289,0
332,1
573,1
578,1
855,1
290,0
257,0
261,1
887,0
229,2
339,1
462,1
631,2
269,2
515,2
738,0
226,2
309,1
338,1
442,2
812,2
853,1
300,0
409,1
474,2
354,0
422,2
651,0
761,0
248,0
324,1
545,2
769,1
243,1
295,2
881,0
223,1
592,1
252,1
236,0
342,1
593,0
713,1
217,1
253,1
525,1
607,1
297,2
736,2
364,0
408,1
871,1
218,2
341,0
351,1
288,1
389,1
498,1
256,2
273,0
857,1
265,2
368,2
221,2
360,2
513,1
272,0
488,1
716,1
469,1
760,0
239,2
242,1
682,1
696,2
228,2
330,1
611,0
900,2
310,0
397,1
384,0
245,2
296,0
390,2
333,1
366,0
251,0
277,1
574,1
755,1
318,2
287,0
730,1
356,1
662,1
804,2
238,1
406,1
323,2
372,1
405,2
584,0
266,2
279,0
475,1
219,1
222,1
347,1
387,1
570,0
382,0
357,0
845,2
403,1
263,0
350,2
391,1
497,1
231,0
308,2
367,0
250,1
259,1
392,1
746,1
781,1
426,1
575,1
657,1
284,2
374,1
427,1
437,1
334,2
358,0
649,1
274,0
359,2
249,0
275,2
348,1
306,0
706,0
672,2
752,1
304,1
355,0
385,2
331,2
718,1
506,2
811,0
379,1
216,2
307,1
322,1
240,0
352,1
581,1
589,1
750,1
234,2
491,1
860,1
299,1
312,1
399,1
419,1
557,0
328,0
856,2
369,2
255,1
298,1
363,0
880,1
311,1
652,1
543,2
726,2
533,2
778,1
668,2
548,0
670,2
678,2
472,1
829,2
411,1
554,0
663,1
840,1
789,1
846,1
874,1
801,1
824,2
418,2
562,0
888,2
658,1
797,0
825,2
906,0
492,1
534,1
747,0
510,1
461,1
905,1
679,1
483,1
517,1
490,1
708,1
479,2
481,2
582,2
735,0
535,1
802,0
907,2
686,1
647,1
724,1
561,2
449,1
467,1
690,1
889,1
596,1
599,1
890,1
660,1
712,1
792,2
819,0
440,1
699,1
473,0
745,1
643,1
684,1
791,1
893,1
613,1
831,0
523,2
448,2
514,2
572,2
798,1
618,0
432,2
722,1
851,1
715,1
879,2
852,1
495,1
502,2
700,2
754,1
901,0
424,1
847,1
566,2
666,1
470,0
501,0
823,1
522,1
600,1
413,1
464,0
542,1
782,2
805,0
553,2
650,2
822,1
872,1
809,2
777,1
503,2
895,0
601,0
606,1
744,2
873,1
830,0
520,2
512,1
839,0
808,0
695,1
899,1
815,0
859,1
567,2
489,1
834,1
559,1
453,1
770,1
910,0
476,1
727,2
904,0
555,1
507,1
665,1
742,1
446,0
836,1
818,1
544,0
609,1
415,2
795,1
776,0
441,1
508,0
587,1
619,1
719,2
588,1
455,0
702,1
757,1
527,1
429,1
615,1
659,1
854,1
630,1
875,1
595,1
816,1
891,1
764,0
827,2
832,1
673,0
552,0
842,2
813,1
624,1
861,1
753,1
870,0
568,0
635,2
637,1
756,1
500,1
505,2
704,1
524,1
909,2
529,2
763,1
774,1
478,1
703,1
416,1
605,1
444,1
540,1
790,2
627,0
751,1
785,1
876,2
837,1
676,1
787,1
721,0
709,2
733,1
459,0
707,1
541,1
465,1
445,0
810,1
779,0
530,2
547,1
645,1
765,0
420,1
433,2
484,1
838,1
771,1
885,1
414,1
884,1
689,2
451,1
436,1
680,1
585,2
784,1
456,1
775,1
669,1
800,1
564,0
654,1
807,1
732,1
793,1
867,1
616,0
799,1
423,2
625,1
518,2
691,1
549,0
421,1
710,1
447,1
528,1
438,1
868,1
486,1
550,0
850,1
516,1
835,1
485,0
639,1
452,1
463,1
577,1
633,0
493,1
828,0
740,1
443,0
748,0
519,0
701,1
428,2
563,1
714,1
681,1
892,1
683,1
499,0
806,2
460,0
786,1
667,1
717,1
565,2
610,2
457,0
638,1
865,1
705,1
480,1
741,1
551,1
511,0
450,1
693,1
725,0
622,1
629,1
803,1
773,2
902,1
634,1
623,0
477,1
571,1
826,1
864,1
661,1
531,1
772,1
739,1
583,2
646,0
734,0
579,1
594,2
412,2
648,1
677,1
644,1
862,1
768,1
431,0
636,2
466,0
458,1
692,1
697,2
539,2
898,1
425,1
720,1
671,0
908,2
903,0
496,2
608,1
821,0
482,2
641,2
675,2
728,1
487,2
796,1
521,1
591,1
849,1
848,2
878,1
655,1
435,2
820,1
883,1
602,1
694,1
558,0
869,1
896,1
743,1
569,0
729,1
766,0
603,1
767,1
783,1
504,2
664,1
626,1
817,2
894,1
454,1
858,1
685,0
617,0
620,0
788,1
536,1
434,0
468,2
580,1
674,0
614,1
653,1
758,1
560,0
711,1
814,1
841,1
688,2
749,1
430,1
494,1
737,2
886,0
532,0
556,0
640,1
759,1
526,1
586,1
590,1
439,1
509,2
723,1
843,1
897,0
417,2
621,1
794,2
833,1
844,0
863,1
537,2
546,1
632,2
597,0
882,2
576,2
656,2
698,1
598,2
687,1
780,1
471,0
762,1
604,2