cost: 6374
33,1
9,2
18,1
95,3
90,1
65,1
78,1
51,2
57,1
19,2
67,1
88,2
92,0
13,3
16,1
8,2
83,2
76,0
3,1
17,1
25,2
80,1
54,2
44,3
114,1
40,1
56,2
32,1
96,0
118,3
159,3
74,3
147,1
4,1
31,1
28,2
39,2
149,3
36,2
99,3
6,1
41,2
126,3
23,3
30,2
61,3
94,3
100,0
12,3
27,1
49,1
10,0
14,2
89,2
154,1
43,2
7,1
72,1
84,1
87,2
37,2
69,0
155,1
21,1
63,2
86,1
129,1
64,3
71,1
175,3
34,2
79,3
66,1
173,3
172,0
35,1
97,3
176,1
146,2
158,2
42,1
93,0
82,1
59,1
1,2
52,2
53,0
26,3
127,3
91,3
178,2
121,3
73,3
68,1
206,1
2,0
22,3
11,1
70,2
133,1
103,3
161,1
167,1
50,3
168,3
45,3
48,2
60,2
145,0
85,1
107,1
123,2
122,2
47,0
125,2
190,1
191,1
46,3
75,1
102,1
109,1
128,1
58,1
15,3
138,1
162,1
150,3
20,1
77,1
166,0
81,0
208,1
38,3
98,2
156,2
29,3
55,0
24,1
194,1
5,3
62,2
119,3
182,2
124,2
135,2
165,1
170,1
179,1
180,1
204,2
139,3
169,1
210,2
185,1
106,1
241,2
321,1
326,1
177,3
137,1
401,1
153,3
184,3
215,2
293,1
171,0
246,1
301,1
142,0
193,3
195,2
212,1
163,1
283,2
294,1
346,1
207,1
200,2
258,0
224,2
264,1
393,1
394,3
181,3
353,2
160,2
113,1
262,1
130,3
198,0
302,2
164,3
327,2
375,1
117,0
276,1
376,1
111,2
197,1
303,1
233,2
270,2
345,3
151,2
174,2
213,0
316,1
378,0
383,3
108,1
141,1
267,1
281,2
116,3
134,1
148,1
199,2
205,3
305,1
285,2
319,3
317,2
381,1
131,2
214,3
187,3
232,3
237,0
407,2
143,1
365,3
105,3
220,2
112,3
140,0
335,1
144,1
203,1
400,1
247,3
115,1
230,2
268,1
388,1
120,3
343,1
291,1
344,1
396,2
282,1
183,2
373,2
371,2
104,1
349,2
377,3
325,2
395,1
157,2
110,0
386,2
152,1
244,0
254,2
314,1
337,3
362,3
132,1
101,0
136,1
877,2
260,3
201,1
211,1
361,1
271,1
628,2
188,3
189,1
398,0
538,1
340,3
186,3
292,1
731,2
209,3
192,0
235,0
404,1
642,1
866,1
315,3
370,2
202,3
313,0
380,0
196,3
278,3
286,1
320,1
410,1
225,2
329,2
402,1
612,1
227,2
280,2
336,1
289,1
332,2
573,2
578,1
855,1
290,3
257,1
261,2
887,0
229,2
339,2
462,2
631,3
269,1
515,3
738,1
226,3
309,1
338,1
442,3
812,3
853,2
300,1
409,3
474,3
354,0
422,2
651,2
761,0
248,3
324,2
545,0
769,0
243,2
295,1
881,1
223,3
592,1
252,2
236,0
342,1
593,2
713,0
217,0
253,0
525,2
607,2
297,3
736,3
364,2
408,2
871,3
218,1
341,1
351,0
288,3
389,3
498,0
256,3
273,3
857,3
265,1
368,0
221,3
360,2
513,3
272,1
488,0
716,1
469,3
760,1
239,3
242,3
682,1
696,1
228,1
330,3
611,3
900,3
310,3
397,1
384,2
245,3
296,0
390,0
333,3
366,1
251,3
277,1
574,1
755,1
318,3
287,3
730,2
356,3
662,2
804,0
238,2
406,3
323,3
372,3
405,3
584,2
266,1
279,2
475,0
219,2
222,3
347,0
387,0
570,2
382,0
357,3
845,1
403,2
263,2
350,0
391,2
497,1
231,2
308,1
367,0
250,1
259,1
392,1
746,1
781,1
426,1
575,1
657,1
284,3
374,1
427,1
437,3
334,3
358,3
649,3
274,2
359,0
249,1
275,1
348,1
306,3
706,3
672,1
752,2
304,1
355,0
385,0
331,0
718,2
506,3
811,2
379,2
216,3
307,1
322,1
240,2
352,3
581,1
589,1
750,1
234,2
491,3
860,1
299,2
312,1
399,3
419,3
557,1
328,2
856,3
369,3
255,2
298,1
363,2
880,3
311,3
652,1
543,3
726,1
533,2
778,1
668,3
548,0
670,2
678,0
472,1
829,2
411,1
554,0
663,3
840,2
789,3
846,1
874,1
801,3
824,1
418,2
562,2
888,3
658,0
797,2
825,1
906,2
492,3
534,0
747,1
510,0
461,1
905,1
679,1
483,1
517,1
490,1
708,1
479,2
481,1
582,2
735,3
535,1
802,3
907,1
686,1
647,3
724,1
561,3
449,0
467,1
690,3
889,1
596,1
599,1
890,1
660,1
712,1
792,1
819,1
440,0
699,1
473,0
745,1
643,1
684,1
791,1
893,1
613,1
831,1
523,3
448,3
514,1
572,2
798,2
618,3
432,2
722,2
851,1
715,2
879,1
852,2
495,2
502,3
700,1
754,1
901,0
424,2
847,2
566,1
666,2
470,1
501,1
823,1
522,1
600,1
413,2
464,1
542,2
782,1
805,1
553,3
650,2
822,1
872,1
809,3
777,3
503,1
895,0
601,0
606,3
744,2
873,1
830,1
520,1
512,1
839,2
808,1
695,1
899,1
815,1
859,1
567,2
489,1
834,1
559,1
453,1
770,1
910,0
476,1
727,3
904,1
555,2
507,1
665,1
742,2
446,0
836,0
818,1
544,3
609,1
415,2
795,1
776,0
441,1
508,0
587,1
619,2
719,2
588,1
455,0
702,0
757,1
527,1
429,1
615,1
659,1
854,1
630,1
875,1
595,3
816,1
891,1
764,0
827,2
832,2
673,2
552,1
842,2
813,2
624,1
861,1
753,1
870,1
568,0
635,3
637,1
756,1
500,2
505,2
704,3
524,1
909,3
529,1
763,2
774,2
478,0
703,1
416,0
605,1
444,1
540,3
790,0
627,1
751,1
785,1
876,3
837,1
676,1
787,1
721,0
709,2
733,1
459,1
707,1
541,1
465,1
445,0
810,3
779,1
530,1
547,1
645,1
765,2
420,2
433,2
484,1
838,1
771,1
885,1
414,1
884,2
689,3
451,1
436,0
680,3
585,1
784,1
456,1
775,1
669,1
800,1
564,0
654,1
807,1
732,1
793,1
867,3
616,1
799,1
423,3
625,3
518,1
691,1
549,1
421,3
710,1
447,1
528,1
438,3
868,1
486,1
550,1
850,1
516,0
835,3
485,0
639,0
452,1
463,1
577,0
633,1
493,1
828,0
740,1
443,3
748,0
519,1
701,1
428,1
563,1
714,1
681,3
892,1
683,0
499,0
806,2
460,1
786,3
667,1
717,1
565,3
610,3
457,2
638,1
865,1
705,2
480,1
741,1
551,2
511,2
450,0
693,2
725,1
622,1
629,1
803,1
773,1
902,1
634,1
623,0
477,1
571,1
826,1
864,3
661,1
531,1
772,1
739,1
583,2
646,0
734,0
579,3
594,3
412,1
648,3
677,1
644,3
862,1
768,2
431,0
636,1
466,0
458,0
692,3
697,1
539,1
898,1
425,3
720,3
671,2
908,3
903,1
496,1
608,3
821,2
482,1
641,3
675,1
728,1
487,3
796,2
521,3
591,1
849,1
848,2
878,3
655,3
435,0
820,1
883,1
602,1
694,1
558,0
869,0
896,1
743,1
569,1
729,1
766,3
603,1
767,0
783,2
504,1
664,1
626,1
817,3
894,2
454,1
858,1
685,1
617,0
620,1
788,1
536,2
434,1
468,2
580,1
674,1
614,2
653,1
758,1
560,1
711,3
814,2
841,1
688,1
749,1
430,3
494,1
737,3
886,2
532,0
556,0
640,0
759,3
526,3
586,1
590,1
439,1
509,1
723,1
843,2
897,2
417,2
621,0
794,0
833,2
844,3
863,1
537,1
546,2
632,2
597,2
882,2
576,1
656,0
698,2
598,1
687,1
780,3
471,2
762,1
604,1